8711
25611
25691
25692
8317
32417
15839
15862
15863
32812
36880
36883
36884
36885
36886
36887
36888
36889
15613
15001
15002
15003
15004
15005
15006
15007
15008
15009
15010
15011
15170
15190
15191
15192
36559
36584
36588
36658
36676
36680
36681
36682
36683
36684
36685
36686
36687
36688
36689
27100
27110
27111
27112
27113
27114
27115
27116
27117
27118
27134
27135
27136
36780
36788
36789
32456
32540
32545
32546
32547
36626
36830
36835
36836
36837
36838
36839
36850
36853
15105
15145
15146
32816
32830
32838
32839
32499
32548
32549
32590
27246
27248
27286
27287
32120
32150
32151
32153
32440
32449
32780
32782
32787
32788
32789
27330
27331
27332
27333
27334
27335
27336
27338
27339
27347
27391
27413
15940
15948
15949
27220
27720
27721
27722
27723
27724
27725
27726
27727
27728
27729
32350
32357
32359
32764
32765
32357
32360
32365
32366
32367
32368
32369
1423
1426
40492
14450
14550
31154
45250
37111
50590
44155
40141
48220
10748
27730
27737
27738
27843
27845
27849
9141
9592
20269
30626
30640
30648
30649
50375
48500
48540
34338
30550
30559
31692
31692
15318
42146
44422
25651
25652
25747
2250
13180
13473
31264
31292
10262
49834
16195
34491
22143
22147
22392
22393
4510
19442
31523
8630
4520
4533
37640
31280
19432
31178
24994
24996
10857
6713
6730
10879
10666
50347
6207
6410
22147
47129
14430
14439
14610
5296
38615
38660
38670
38677
38678
38679
46140
31153
19325
46729
4770
4778
4779
9462
40192
42216
40354
20150
35480
35489
37510
36514
36520
36524
36525
36526
36527
36528
36529
26160
3698
25310
25317
25318
25331
3837
18132
41550
50408
9593
47418
44382
44566
13410
40340
9249
34486
34492
34800
34810
34811
34813
34815
47814
31228
14920
8256
44156
26530
26531
50155
17707
46890
38830
38890
1200
1207
22808
35118
35119
35260
35269
35270
50560
10650
37248
37173
6940
20809
20810
31460
46812
46842
8591
43714
43815
17181
3569
50570
22860
22889
25182
20749
28864
26133
48320
45110
25737
25715
25717
25718
44549
50481
47510
50630
50830
10690
7730
38810
38811
38812
38813
29530
45240
28742
18250
18520
13413
19490
6840
41380
46970
34480
34487
34492
37312
50345
16214
19227
7340
2152
44395
34219
37800
37890
37892
37893
37478
2001
2002
2003
2004
2005
2006
2008
2049
2071
2099
2140
2155
2328
2511
2512
46860
41809
46470
13340
16111
46687
46135
46591
22534
16841
19117
19119
44540
22220
10187
10197
23538
17733
17734
19112
44100
44121
44123
45522
25171
2653
3340
22558
26120
16812
19275
44424
44477
46260
26130
26141
50529
22112
22255
22212
25135
50549
9239
43716
43718
20495
12140
4531
4558
18220
18290
18708
17136
46369
46120
46128
46129
2215
50781
5358
4600
4692
4800
4812
4813
4814
18700
18760
18770
18659
18518
30190
46550
6510
6519
4857
4858
46293
46220
46290
49500
49514
49517
49518
44600
44660
44661
45687
45523
2124
2128
44792
12570
12579
3723
3728
50691
41500
41520
22282
22283
28801
28802
28803
28804
28805
28806
28807
44431
44432
16315
11180
50591
2210
2211
2214
2252
22135
41200
41209
41319
11693
23680
23684
23685
23686
23687
23688
23689
23691
23692
22560
26509
43530
43569
30820
16812
25162
14480
2300
2312
2314
2330
25180
25193
29711
29713
23660
23669
23685
45662
47238
13115
13116
28100
28108
28109
19125
3841
9258
16537
4480
4768
13107
22410
19277
45571
19260
19261
19284
41440
41449
3814
25560
25660
10135
42133
37329
40529
6131
42269
16433
6393
28921
28922
28923
28924
28925
44550
19310
43460
3800
3801
3802
3803
3804
3818
22251
42351
42353
42295
49696
13391
46172
4276
12222
10160
7400
4897
4898
10980
10989
10990
13300
13600
13690
13720
16464
46960
47160
10163
28620
37488
13380
45908
40292
10251
37718
37250
37251
37253
42135
40389
37350
40162
40555
42171
42111
42180
47162
47169
45661
26559
37429
19152
40532
37621
10440
45575
5580
10740
40462
23215
37110
37340
5212
37870
37317
40235
37183
37186
37187
37192
37591
37779
40533
10671
37460
37466
50374
42182
37478
37639
40462
18514
40530
40531
43591
30859
20260
240
1193
8328
42225
22194
26324
26315
18170
18179
46910
3838
50172
44160
50461
43528
46594
46115
49177
29194
29194
26540
46197
25120
46893
46725
12609
43365
50783
27773
27774
27775
27776
27778
9233
9571
9572
39232
39320
39329
39525
39526
39539
39590
9131
9197
9570
9571
22416
25161
24238
7210
7220
7629
11639
19332
46593
18280
18295
16338
29750
29491
11201
11202
11203
11204
11205
11206
11207
11390
11391
46680
25130
28110
28120
46148
12414
46230
11680
11689
49539
19268
3169
25125
30560
30561
3668
41661
4567
4400
50230
18120
18128
30840
13248
13390
29130
29120
18620
19132
44150
44157
44158
16313
3001
3002
3003
3004
3005
3006
3007
3008
3009
3010
3011
3012
3013
3014
3015
3016
3112
3113
3114
3115
3138
3409
3540
3559
3699
4409
18538
24761
24792
25573
25574
25575
19129
10550
42129
43813
21100
21110
21120
21122
6894
20494
33815
33880
33885
33887
33888
33889
33890
32660
32664
32665
32666
32667
32668
32669
32690
44145
33670
33675
33676
33677
33678
33679
33680
33681
33683
33684
33685
33686
33687
33688
31262
44509
44492
31241
31290
46132
25100
13414
13480
19490
13400
41240
13260
13270
42180
42222
42258
2640
24170
24171
24888
10350
49180
29330
42160
42161
42164
42167
42169
26100
26111
12550
25187
42126
42127
42200
42212
13328
14812
14813
12413
18438
49177
49210
25126
42130
42131
42138
12590
47419
37115
37176
6171
45631
6200
16420
41111
4001
4002
4003
4004
4005
4006
4007
4008
4009
4120
4130
4131
4150
4160
46726
44591
13189
13192
13415
13459
13460
13470
13473
13580
13596
13598
13640
14449
16215
14720
14729
19115
29150
44369
10132
46723
50133
50108
45420
19118
19119
16431
21290
21330
21342
21350
21359
21646
21669
21710
21730
21739
21750
21760
3160
3179
45900
43393
18690
18697
3827
22270
22283
22417
22420
22255
22269
13760
13768
46440
29718
4458
44134
19133
48810
21520
21530
19208
29567
17537
17538
29460
42213
50109
44721
28409
28430
8587
2690
25110
46178
18420
18450
18460
18540
18518
22145
4568
25286
25586
25587
25589
9219
43893
16195
16780
3590
3599
22540
31800
12410
20248
20268
19320
19321
46268
46600
46792
10137
21340
5560
34429
50546
28580
17170
15220
15228
15229
15864
15870
15895
9219
20268
33557
33558
32170
32171
32172
32980
48340
48348
48289
43549
43870
43879
34159
34160
34191
39840
39849
39850
1450
1468
1470
34419
34420
47177
31272
44212
40121
37863
37864
28818
13117
13118
31280
31281
49162
46170
20140
44500
31261
7150
7157
7159
7160
23740
23747
23748
23749
50369
17160
25320
26210
26322
19282
19283
19445
9312
19245
22122
22123
22133
50313
39451
46820
20270
19286
19287
19357
31013
22725
22728
4628
4629
27570
27576
27577
27578
27579
46266
29200
29230
29250
29260
29314
29540
35369
35610
35630
35638
35639
34248
22133
20577
31798
31430
12232
37418
21200
21207
21208
21209
38509
38550
22730
41600
40173
40184
31891
48498
31849
31850
31867
31868
20248
1160
1165
1169
31271
42111
42182
9370
9400
9450
50259
9410
16812
15317
31192
28300
31754
31790
48140
19141
37183
37188
37793
37796
31239
46179
9451
9631
9451
9451
19237
25140
19492
31839
36430
36435
36436
36437
36438
36439
36494
4660
43365
17401
17402
16123
31438
31439
31481
37429
49151
30600
30609
29300
29309
29314
29315
45182
34449
40164
9195
9239
42249
42250
42257
42258
42259
42269
11620
11630
11638
49699
16141
44421
29550
29552
50614
24232
24233
24251
48143
31263
13619
29717
29753
39450
39451
13679
5400
5418
18126
18127
18129
42368
9107
44622
8350
8350
8358
26311
26312
15623
15624
15625
12165
31876
20550
5153
40185
49251
13710
13440
28500
24410
24545
24546
22135
19196
17853
12230
44165
8310
8717
39197
31513
22150
16360
49716
45122
44547
31671
7259
7529
31671
38580
38588
38589
38592
38593
9570
50220
23760
23750
9199
31228
19461
37753
37754
37755
37756
1211
1220
18100
40191
40491
40494
4888
19135
26585
26589
26250
26580
43597
39193
39195
21239
21240
21248
21340
21580
38626
38627
38630
38631
38632
38639
38640
38649
38650
38652
38660
49126
23230
23239
49696
1120
1128
1129
16855
48498
48499
20500
20509
48383
48390
48391
1510
1520
9292
35500
39813
25551
29350
48114
48003
48480
13193
47195
10900
19135
6850
23289
23340
28939
10410
21280
31840
26151
31243
25722
7570
7579
31140
12527
31109
48142
15008
15140
15141
15142
15144
15690
35350
25150
25730
25736
25737
25738
25739
50683
48879
1474
1478
8271
35000
35400
35404
35411
35412
35413
35414
35415
35418
15810
15819
15826
22583
50266
5200
42161
36440
36446
36447
36448
36449
27646
27675
27676
27677
15320
15324
15325
15326
15327
15328
15329
15582
15565
15566
15567
15568
43791
25151
49124
1208
1250
1260
3680
20159
20115
24700
24718
34450
34490
49324
49325
49348
50619
29494
6329
16710
19153
9199
47210
18230
18290
18330
20211
50348
50200
31193
31867
19270
19274
19276
19277
48291
48292
46869
12132
12133
19130
19131
48380
31640
26513
42171
34191
34338
26560
5340
5357
5580
9345
8610
8699
33401
33402
33403
33410
33417
33418
33460
33470
33490
17742
8731
8734
8793
8798
8279
32520
1408
1470
1476
1477
1478
1479
21009
21400
21409
21420
21440
22400
31208
31240
22800
22807
22809
40214
40512
40514
40520
40594
2124
2125
2126
2139
2999
46620
49610
49619
34473
12224
31560
44590
22421
22311
20720
22311
41870
41489
41849
26323
20730
6920
6929
50140
31228
19200
45571
12490
12222
22149
22330
22336
22339
22349
22394
22395
46868
17468
17483
26257
37271
1307
23214
23711
32592
32701
32702
32704
32705
10750
26241
26320
19390
9450
19276
9248
44357
37330
4889
6001
6002
6003
6004
6005
6006
6007
6008
6009
6010
6011
6170
6180
6181
6182
6183
6193
6194
6195
8911
8912
8913
8914
8915
8916
8917
8918
26310
8214
41570
41599
50491
14850
14859
14950
23411
23440
23529
23539
23747
8695
50685
47312
9350
19295
22751
22760
22761
23710
36300
36307
36308
36309
36393
25217
25513
25590
25591
25592
31810
48130
25600
2320
24525
50366
22571
27130
27131
27132
27133
27276
27277
27278
8550
20259
13432
22234
48800
3812
2213
2214
8660
34240
34249
32632
32633
32646
22194
32840
32845
32846
32847
32848
32849
32859
32891
7190
7191
3450
43711
43715
17820
34305
31010
16460
16470
48901
48902
48903
27680
27685
27686
27687
27688
27689
27695
27696
27697
42213
42214
42216
42295
37186
37440
9615
9613
9614
32002
32005
32890
32920
32930
32940
37607
31243
22300
22315
11150
11159
11160
11393
25262
43422
43429
43442
8210
40530
22132
22255
42210
6160
8001
8002
8003
8004
8005
8006
8007
8008
8009
8010
8011
8012
8013
8014
8015
8016
8017
8018
8019
8020
8021
8022
8023
8024
8025
8026
8027
8028
8029
8030
8031
8032
8033
8034
8035
8036
8037
8038
8039
8040
8041
8042
37217
16118
47674
49760
45225
45525
42368
50296
39170
39190
39191
45593
31229
31523
24521
24740
38726
38727
12420
44220
10696
2639
27790
27792
27793
27794
27798
48650
9226
19490
9199
36190
36191
36193
36194
36692
5229
37255
34820
34828
34829
47129
1206
1208
46758
46667
31395
31866
31869
40180
48970
9125
9126
9127
9259
16191
25289
25737
25792
43786
6659
28939
28976
25549
4888
42366
42366
4479
4779
18800
18860
31700
31713
31714
31715
31720
31730
31794
31795
31796
22569
44492
32431
32432
16152
32520
21291
21609
21630
21639
18184
18516
23280
23289
20200
5610
5694
5153
44588
27640
27647
27648
27649
27650
27660
27661
27663
27664
27668
27677
27678
27679
27694
27695
27698
34310
28490
47670
48390
23537
23539
27370
27372
27373
27375
8859
17213
17255
23520
23529
31753
31393
4458
20739
12430
14280
31174
20491
9226
50130
37789
25266
16470
16740
25220
25177
17141
25337
25336
43738
44232
43421
25250
46713
43719
25720
25721
25724
25142
25144
46839
14209
14240
14248
14249
14445
16640
34304
50332
33827
33830
33836
33837
33838
33839
33842
33843
33844
33845
33846
33847
44642
28390
16779
9248
9250
9258
9267
9272
22533
22536
22549
49830
45660
10394
24300
24315
24318
24319
22580
22589
41805
29493
47880
12449
12134
46180
46173
4410
29679
29491
29630
29631
29639
11190
18510
18566
29718
18817
14910
14915
29719
11612
29370
29490
3814
22440
22449
22469
12160
23390
25132
49600
24280
24281
24285
24287
46514
49123
3460
3469
46293
3390
46910
3316
3778
3517
46722
3850
46844
12530
12580
12560
46838
46689
3759
3501
3502
3503
30130
46791
46511
46450
43512
3816
3517
46722
46830
3794
3178
3810
3827
3516
3827
3812
3769
46291
46611
46469
46703
3720
43747
46181
46869
46839
3726
4276
4274
4276
12181
10185
6428
6429
6613
6615
4569
24388
24389
31780
31789
48640
1211
1212
1220
22484
22485
20492
20493
42107
22131
1427
9511
31252
26327
47115
47115
40144
5229
24249
24252
24325
40550
50316
8600
20569
20570
20578
20580
26588
26588
44556
15165
15166
15167
15319
15640
31191
4713
4760
4768
4769
6930
42360
42366
42367
42369
24438
9316
37291
48370
49200
49211
49215
49216
49255
49260
40430
1118
1128
1194
1216
19133
40190
5211
48710
31013
31195
31013
31195
48240
48249
20493
21647
37609
37795
10392
5194
47813
50373
31720
31792
31793
10129
9245
28194
34814
39250
17850
17162
17163
17182
35637
15300
15319
31890
16870
16879
16893
12549
17850
17851
26312
44121
3410
46825
20496
31174
50619
22350
22351
22365
2360
6250
22141
22144
22613
22630
22636
22637
22638
22639
22665
3380
8415
8416
50316
48001
48002
48003
48004
48005
48006
48007
48008
48009
48010
48011
48012
48013
48014
48015
33527
33528
22510
22511
7350
22500
25752
25753
25772
50695
22466
22470
22807
50561
17723
31398
42193
30540
43411
44314
17300
5146
5380
5299
5290
22133
22134
44790
42128
24257
24850
24852
24853
24854
24857
24858
24859
24860
37290
34305
17723
34349
34468
28660
33720
33724
33725
33726
33727
33728
33729
33731
33798
33799
26321
47462
32512
32514
32520
32521
32522
32523
32524
32525
32526
32530
24885
24911
24912
24913
46880
40560
40568
47419
47317
6394
47151
37291
2130
2138
2139
2448
10320
5630
5690
15816
15817
15818
15930
15937
15938
15939
15990
15991
15992
13260
47675
46822
41110
2170
21710
22340
22347
22348
22349
22461
3518
17539
22486
21830
43884
2691
16311
5514
5570
46131
15582
15881
15882
50641
22860
50229
17462
44563
50540
42218
41930
11640
11649
42138
45222
17700
17770
8619
24443
24444
12530
12190
25550
43785
43772
10185
50441
25178
9214
9219
43812
34829
5357
47461
28737
9490
13449
13450
24714
24715
24716
24718
38710
38712
38713
38711
38712
50246
28596
17400
41310
49698
49751
26290
40180
26322
19400
19410
19411
19412
19413
19414
19490
49629
49622
37217
26330
9240
9245
9248
9249
9292
15280
15839
15865
44367
22370
22372
22373
22374
22375
10950
28690
17441
46360
31540
42129
50239
18412
16851
19133
19459
44394
16114
16192
37209
37493
45634
37789
34470
34473
38479
38480
38489
16512
36930
36937
36938
36939
46891
46165
9293
42162
28730
14650
14656
14659
19247
50177
5140
5340
50546
30180
30189
9230
7010
7110
7193
7349
44330
27880
50547
49698
42195
42196
42300
42310
42311
42312
42313
42318
42351
42391
5113
5513
9001
9002
9003
9004
9005
9006
9007
9192
9193
9199
31412
41200
41220
45112
6370
46100
31600
45521
24917
24994
24995
3111
18416
19243
28720
47608
34116
49831
24356
24357
24393
34129
9244
48350
4288
4289
44491
7311
44320
37700
37717
37793
23568
50297
22148
22149
22320
22585
34477
39760
39761
39790
39791
39796
39420
18451
34406
46117
27340
27343
27344
27349
27350
27359
37316
12589
8440
8445
8530
46294
3409
44140
13430
16340
16720
41439
44168
42124
16890
10136
26325
10820
10829
10897
21388
16850
16537
16300
14660
29340
49440
19197
44707
16890
16891
16892
49128
50638
45592
40392
49709
45312
45750
10372
10373
24212
24412
9350
43373
40182
15110
15115
15116
15119
15149
25748
15611
15612
15621
15622
17746
17747
12180
12595
31511
28721
19171
6600
6614
37214
6293
10729
37490
45890
13192
13591
5217
5211
5148
21580
40396
10610
26135
39500
39506
39507
39509
39591
39592
9612
39571
39573
39574
47260
47689
5165
50228
14811
14930
14940
14949
44409
43811
23550
23590
23591
33554
33555
33310
33529
31227
42135
42146
42147
8718
8349
37193
37219
10616
47832
24224
24141
24142
24143
37630
8348
8384
39510
39511
39518
39558
25794
24540
24547
24548
10881
18129
10865
28640
28648
17488
31515
50240
50420
21270
21300
21309
21310
21319
40356
44610
8280
43820
43882
73820
26500
34407
44200
44210
44211
44220
44357
44391
44392
44495
44496
6810
44570
30420
42193
50299
50300
50335
50336
50280
50268
36615
36650
36653
36654
36655
36656
36659
22624
22625
22830
8275
8393
17455
17456
8140
8370
6292
45686
45695
9451
45589
18290
8506
46175
3510
3317
3360
8262
50238
44126
17251
17252
8281
3710
42367
37181
37191
7160
7180
7181
7183
7184
7196
32644
32645
32646
32647
32648
13370
13739
13779
37440
37448
34129
45580
37797
24342
10817
6249
49331
44167
39582
39586
39587
39588
39589
25592
25613
25615
25692
45180
44191
44459
45181
39600
39608
39609
15121
15122
15123
44155
43894
28816
49332
49626
49627
41900
41910
36630
36633
36634
36635
36639
23120
23193
15181
15650
15659
15660
15668
15669
15679
43850
10620
10623
10624
10629
10630
44350
44359
6459
6460
7310
47310
24221
17530
17531
17534
1110
1117
1128
16210
50214
9493
23130
37550
10329
19360
6443
19223
19224
29320
16043
16311
16316
8470
8472
19275
17459
22450
22451
13610
3469
40551
40552
40553
24225
36110
36117
36118
36119
10134
28510
21668
9650
24410
39200
39212
39213
39291
39491
39290
39291
39292
39293
39294
47165
46330
22570
7630
7638
7639
16550
16555
30191
30192
18565
17867
26311
26329
45720
17834
17854
22770
22771
22772
22773
47311
16857
5212
26329
46650
46659
46813
33414
33456
33828
33829
22591
38509
38510
38520
38530
38540
37710
548
5480
5489
42134
24433
24442
25548
23420
28743
17199
46529
8360
12350
22880
22888
36940
36945
36946
36947
36948
33547
33550
33556
33559
33589
33800
33811
33813
33814
33815
33816
33817
33818
33819
9692
18810
18819
37130
37448
37491
29716
29719
29755
47185
26325
4450
8420
19431
9593
37716
37400
40320
40380
40389
17708
19274
19275
37405
37319
44140
41320
40360
5211
4815
4850
4858
8811
43364
31380
31381
7580
7589
7590
22212
22480
22587
8786
18413
6612
34305
17750
8619
43776
28560
42137
40540
42311
13191
18410
30195
30400
30410
30411
30412
30413
33343
33344
9611
49160
10511
37008
37188
37191
37198
32412
32413
32416
32433
32434
32329
32330
32334
32335
32336
32337
32338
32339
27520
27527
27528
27529
27530
27531
27532
27533
15100
15102
15105
15106
15107
15108
15109
49211
4140
4149
16350
40270
23211
10670
10671
14810
14811
14816
46740
46749
46792
31310
31311
9246
9592
9193
9194
2153
14045
14440
14445
14446
14447
9194
9193
9199
5320
34309
9192
8440
16373
45642
8261
50212
50400
15360
15365
15366
15369
46240
8787
45531
41339
41410
6249
6488
15292
15293
15295
15296
47470
37497
24390
24544
24549
24550
24565
15175
15182
15183
15184
45216
37120
37129
37170
37192
37449
37451
37451
37609
40331
10331
16879
16891
42311
16649
42180
42181
29551
33430
33438
33439
33469
33491
33492
9248
45532
24270
24283
13329
13150
34120
34131
41820
24123
46869
30201
30202
30203
30204
30205
30300
30310
30319
30330
30350
30351
30365
30366
30367
30368
30369
30370
30380
30381
30382
30383
30384
30385
30387
30389
30390
30391
30392
30393
30394
30395
30396
30397
30398
30399
30590
30593
30594
30835
30868
29452
21450
21459
21540
32820
32821
32822
32823
32824
32825
32826
39311
39460
24440
24441
24442
19184
29160
37767
26230
10190
10593
10630
10640
10649
29566
42144
29690
29692
10628
41580
45950
28977
46147
46146
2636
16707
10162
10816
10818
6770
16610
16338
16708
16611
2151
16612
2329
10592
10360
6960
19246
2212
10616
10730
5571
2200
45124
49708
49151
16239
5140
47110
10520
5450
22141
22142
9280
9640
31520
44191
43787
5428
5429
10818
37541
46171
46717
40590
33990
33995
33996
50700
50709
19412
17244
8693
10340
26240
39650
39660
21292
3420
31590
50346
19294
50211
22222
22465
22466
22467
44231
50613
22310
44706
22215
12319
3793
8604
25631
25632
25633
17248
17249
17250
9227
37439
37185
37797
37798
5229
23260
11350
19328
25289
8696
13750
8619
8211
8296
8755
8183
25154
8860
8729
8732
17856
8281
8255
12159
8297
8251
25265
12413
8719
46726
44560
44562
44563
44565
25334
8183
43392
8732
8769
17486
17487
25136
46841
12001
12002
12003
12004
12005
12006
12100
12560
44592
44630
46141
22710
22860
22585
22587
9258
34306
6680
41230
9259
24206
19127
42171
50696
22313
41908
41950
41810
16250
37479
37592
40593
42328
16141
45641
16623
23670
23693
12123
16854
22570
22572
31454
18818
19391
42108
42113
37494
34850
34858
34859
47512
32430
32591
32612
32624
32625
32626
18816
24742
24744
34246
47318
49419
9691
24721
9391
34219
9108
34478
9193
9198
9107
47329
33401
33405
33410
33412
33417
33450
33456
33457
33459
32760
32764
32766
32768
32769
32774
32794
4212
40315
27250
27256
27257
27258
27259
27260
27266
27267
27268
27269
27271
27289
14840
14857
14858
39700
39706
39707
39708
39709
39780
39798
47689
24760
24734
24735
24736
47192
49660
9109
9110
9119
40315
47882
34305
47641
47520
49127
47171
24314
24316
24398
33760
33768
33769
33778
33794
47664
40318
40316
24323
27120
27122
27123
27124
27125
27126
27127
27128
27129
27142
27143
27144
27146
27166
27293
49110
47182
26315
6420
46196
46470
36612
3158
12513
2660
46315
12440
25722
9239
9239
45683
23628
41370
41730
23469
23470
23479
23485
49191
24172
24174
24328
24170
24888
24892
45680
9348
5260
24769
10870
15347
15350
15357
15358
15359
15555
10513
40550
45214
44147
15138
15270
15298
15299
30189
30420
30430
30438
30439
47692
9226
44194
32800
32815
32816
32817
32823
32827
32828
32829
44370
26212
17460
31170
31171
31173
19245
19245
18190
26350
28650
2247
32450
32454
32459
8540
19151
42211
37656
5132
42175
42181
15185
15186
15187
15188
28470
8698
46813
8193
8290
36116
36120
36121
36139
36854
36855
36856
36857
36858
36859
15530
15569
37621
49640
49125
37253
10663
40591
40592
9270
49317
49325
37273
37291
9292
27659
27661
27662
27664
27665
27666
27667
27677
34309
8758
25200
25213
25214
25218
28193
50312
45637
34486
34839
34840
34844
34846
16444
12578
26520
26527
26528
26529
50368
25460
17464
47494
27888
27889
27890
27891
37750
50292
51001
51002
51003
51004
51005
30562
30563
34218
34247
40216
37861
22233
5141
32767
32768
32786
32787
32794
27500
27510
27511
27512
27513
27514
27515
27516
27517
27518
27519
27533
27595
28694
18330
18339
19310
6105
46821
46176
46351
19310
46350
4859
46109
46380
11130
11139
23264
23268
23269
12592
12952
16190
16191
16194
19128
23470
23477
13412
16160
19160
19190
18329
22194
2156
2510
2520
2529
2692
2695
28370
11550
50792
4825
46370
50269
12134
24231
24250
24251
24391
24392
45960
21891
45113
46167
16216
18194
22465
12499
9228
26291
42145
28350
39407
19420
19428
19429
19431
19459
47270
47191
42114
42126
26210
18339
9213
10895
37621
9349
9349
40551
39580
39583
39584
39585
5149
24239
24272
24273
24392
24393
50213
50782
19277
12318
31592
37216
37468
12231
12232
31131
42138
31174
26258
19197
45314
9610
19285
42180
5211
34320
17741
24800
24813
24815
24816
24950
47193
13001
13002
13003
13004
13005
13097
13195
13196
13197
37170
37500
37590
37591
37593
37594
37595
7750
7760
7769
25341
31174
31190
25290
50314
26130
33716
33719
33726
33795
33796
33797
28863
45291
19443
45111
34248
40332
49394
49395
49396
40480
40496
37830
3820
3829
50132
40463
40464
50326
46625
47440
47313
19490
9320
18518
18211
19229
19230
19237
19239
15316
17496
32100
32152
32153
32950
39750
25790
25793
25794
5309
10317
10414
5153
40170
28450
28400
34406
34407
8293
43310
8178
29170
37711
28380
28213
28120
28707
28750
28770
28270
28279
18564
17144
33320
33324
33325
33326
33327
33328
33329
33330
33340
33341
33342
22148
29195
39520
39528
25516
25517
25518
40318
1118
1211
9215
9216
9217
9218
9294
19275
19244
19275
43427
43428
3517
24398
34878
34882
19243
11140
11149
14448
10240
7330
41450
43120
5217
45700
50239
9613
49783
19292
8289
44193
46612
43784
8757
24225
25137
47280
47281
15130
15137
6487
37337
34259
26311
19334
19341
19343
19390
19392
31591
26144
49530
10800
10811
41100
41780
15147
15148
26526
26527
8940
17844
43360
43362
28811
26259
45880
40529
13190
2693
47317
49700
49706
6196
21209
32200
32211
32213
21230
21239
21330
21208
31530
44791
12126
12127
18053
18814
18815
29380
29391
29490
46199
18517
9410
24514
24515
24516
24517
33404
33412
33416
33468
33470
39680
39682
39697
39699
17121
44358
44721
42216
42217
42223
28820
28821
28822
28823
27375
27376
27377
27378
27379
7144
12119
50409
49639
46294
2461
42157
9346
9347
36872
36873
36876
36877
36878
36889
3350
40354
29100
36420
36428
36429
36490
36491
36492
36493
36885
43539
43839
17832
5300
5309
44623
3158
3330
3339
6479
37684
44557
17116
17117
17118
17121
17244
24960
24970
24980
24989
24990
24991
10430
24122
24610
24620
24630
32680
32688
32689
50410
28978
50351
8880
25737
42148
34219
24224
24161
24940
47290
40185
9352
49730
24492
44191
49327
9251
42191
42290
44491
33150
33155
33156
33157
33159
33519
49717
16001
16002
16003
16004
16146
16191
16193
16194
47650
45126
42107
16879
29220
44169
40239
9641
29210
4610
4616
4617
4618
4619
4647
4648
29470
18813
5414
44162
12163
46400
46408
46409
15139
15174
15180
15189
15198
15199
15670
21387
21386
21380
43881
36670
36675
36677
36678
36679
47316
15310
15379
26214
40200
40210
40211
40215
40230
40231
40232
40241
40242
18418
4859
10000
10001
10002
10003
10004
10005
10164
10195
10199
10920
18440
18448
11001
11002
11003
11004
11005
11006
11007
11008
11009
11010
11011
11012
18199
18850
18857
18859
18891
18195
29754
31579
23191
23192
26311
14001
14002
14003
14004
14005
14006
14007
14008
14009
14010
14011
14012
14013
14014
14015
14016
14029
14190
14192
14193
14280
14340
14350
14610
14710
14711
14719
14820
14912
24837
24838
29010
29569
29570
29580
29592
31312
31490
18439
29718
13345
28814
13250
46710
4750
17722
50360
26373
18181
17538
3159
3177
20820
20829
33812
33813
34404
34484
34844
34406
18538
7179
18570
10370
43580
48160
48170
10866
31229
24730
42125
42126
31263
5151
18180
48141
37478
14860
37130
37139
37185
37117
37120
37129
15916
15981
15982
3150
46174
40495
45544
6400
6410
6412
6711
6717
6820
31750
31740
40469
5217
20001
20002
20003
20004
20005
20006
20007
20008
20009
20010
20011
20012
20013
20014
20015
20016
20017
20018
20100
20160
5215
46198
10701
41073
41089
41700
41701
41702
41703
41704
41728
14460
45311
8318
8319
36516
36518
19116
34208
34210
43773
15151
15152
15297
48200
40312
42158
19133
19143
18192
18152
18512
3700
3709
3749
3770
3780
18650
42108
48287
48311
31174
20600
7800
50600
50617
50619
50694
44559
16412
21593
37110
5416
39610
39611
39613
28189
2614
5600
5110
5278
28192
28412
28413
28492
37520
5165
2610
2613
29718
11670
8294
8559
29420
50730
24343
24344
50548
31229
16738
37621
3560
47460
45578
37317
28190
14115
14620
45533
6894
19170
19185
45542
3517
44409
41889
41890
41898
41899
43150
43764
37720
37724
37726
21320
21330
21580
25152
41760
19186
37209
37281
49710
44134
41749
4700
4710
4711
4712
4715
4716
28211
28212
28219
28280
28292
40400
40410
40419
40424
17469
3688
3689
50611
33746
33750
33757
33758
33759
50320
50321
50322
50323
5197
41888
11687
10392
22312
22390
21594
14413
16290
16441
5415
5250
43737
5692
49719
41897
41898
37171
8320
43736
37621
43143
37256
5153
5154
43736
43205
43714
43715
43718
43812
43760
19133
19238
19244
5164
25243
46891
8754
5146
38750
38758
38759
38768
38769
37524
16638
19327
41360
37410
49154
16240
49170
49720
49722
43519
49715
16211
18658
18660
38914
38917
43594
37170
3650
3657
3658
3659
43810
8733
25143
44155
19326
43817
25722
25723
25799
25514
25520
25526
25529
25552
25554
25555
25556
8254
17489
16812
8820
16670
45570
11500
22338
46450
46540
3769
26124
46727
41250
45460
45640
19492
26146
13114
45770
41880
38109
38190
38290
38510
43142
42153
42159
41568
37510
41650
41659
38359
38360
25163
19491
38435
37749
5170
5270
5278
5279
45820
37765
10617
12429
18658
16510
16512
16514
24512
44123
28722
43700
43880
3770
26511
25547
25557
14470
45215
41520
28607
28807
48310
1192
1193
2430
2439
2449
2470
3139
3194
3195
3201
3202
3203
3204
3205
3206
3207
3208
3290
3291
3292
3293
3294
3295
3296
3320
1340
3600
20493
20690
20860
20870
31744
10891
48230
25221
43153
43777
8781
25412
25268
43151
25212
25218
3779
8281
25164
1309
19339
50239
46135
37114
50470
40531
37874
37893
37892
47186
14913
21390
37256
24150
24743
24744
24745
24746
40391
26586
9219
9280
37765
37766
46810
46811
16372
4729
49721
39715
39716
39719
26375
32860
32867
32868
32869
6197
31153
48950
31748
48313
31829
50611
48260
20100
20737
1213
1220
1420
1423
1426
1428
48309
31638
31639
31694
31695
31696
31697
31699
45540
25551
7720
7740
7748
7749
23657
21870
39193
39795
45910
40350
45517
19127
40291
19119
50790
50791
24341
40392
40393
42224
19119
7315
44161
44770
44779
10133
37762
18130
32720
32793
47176
20530
20540
31494
12528
37148
49341
49342
49345
49346
49347
12230
6860
6439
6620
8292
41807
31453
37497
42141
42142
14830
42142
23628
23720
11648
14210
14220
14320
17405
37419
34248
9610
19247
19292
5296
9560
9566
9567
9569
34405
34491
9258
45650
40191
19445
8950
22535
17753
17832
7190
25597
31228
45221
19287
22424
22423
25719
25214
25215
25271
31200
7192
41560
42171
29680
29688
29689
29693
29698
44558
31630
31638
31639
31698
31699
25580
25571
46590
26328
22572
22589
28595
19262
46817
9230
9239
31281
31760
31820
31174
48450
48277
31271
31194
31799
26280
26289
31690
20218
20709
31749
31794
31491
31492
50793
24420
24428
24429
24434
3813
22729
31370
43730
3813
22375
12230
29461
49141
49213
49214
50163
25595
38570
38579
46512
46614
50795
7200
7208
7209
7669
7670
4728
15500
15509
15520
15528
15627
6390
49220
13140
14520
18513
49334
49335
49335
49337
7750
49540
49550
44490
15401
15402
15403
15404
15405
15406
15407
15590
15591
15592
15593
15594
15595
4500
8590
17484
17600
43811
12122
49520
49521
50639
4869
3509
35430
35431
35432
35435
22371
22372
22373
15153
15154
15155
31593
17463
43750
5370
37129
8495
8470
8479
46134
17132
17133
17463
24310
24311
24312
24315
27324
27325
27326
27327
27328
27339
8519
47184
50491
47311
26211
25244
4460
4479
18515
49510
49511
49512
49513
49514
8259
8736
8739
17538
19290
13193
46635
17257
17833
31512
47609
9349
5310
22417
22422
26211
26212
43425
25737
22337
22450
22451
22452
22462
17110
17111
17113
12310
36549
36550
36555
36556
36557
36558
36560
36567
36569
37799
7860
7870
7871
7872
3177
3179
44440
44441
7109
17458
36845
36846
36847
36848
36849
36851
36852
36875
46418
44143
17469
30620
30626
30628
30629
48393
27780
27785
27786
27787
27788
27789
27892
27893
44579
15685
15686
37766
22520
22529
22585
23488
23686
23690
23691
9230
34306
42215
6340
43558
18812
9259
16122
16781
40217
16141
9267
5427
28214
37775
10328
9491
37789
40156
40418
40516
40518
42312
40540
49693
49590
24223
9290
9272
49174
49216
28815
34889
47480
49698
29788
29789
27156
27220
27226
27227
27228
27229
27235
27299
38911
38912
38913
48116
40298
9211
44126
34440
50562
19390
13130
38740
38749
19237
50529
50142
44741
29640
28941
28942
28943
28944
28945
28946
28947
6660
13333
26360
47194
45510
45540
2637
23610
23616
6240
16411
29520
40496
6980
6360
13428
13680
40359
40218
28140
5212
47494
49618
14260
12428
14209
14248
14249
14290
14297
14298
14299
14110
14112
14113
14115
14120
14129
14210
18340
30320
30332
30333
30334
30335
30338
47418
14815
2651
2249
2251
2260
42143
42351
9244
42339
42162
9315
37540
21292
19182
49410
9471
19144
16647
16311
37291
9318
42124
19287
42162
42170
19144
9315
16190
16191
16194
9461
19113
19390
40260
40358
42293
42294
40330
37768
46314
16193
44711
44340
5212
41420
41439
12225
37790
24206
50135
50740
50390
6280
42181
34337
37480
37481
49670
44415
34419
49400
40355
49833
40314
44587
9471
49714
42113
40357
28597
23180
16890
25411
31360
31510
8699
25794
2436
44650
16214
20217
8672
3840
12415
20248
19192
37872
37873
37874
28250
28260
28270
28292
28400
28420
31191
21291
9247
26212
48960
48191
49350
49352
49360
49361
49362
49395
18840
18849
26144
37129
37449
37785
37786
37891
10690
10691
40162
5141
37497
47134
5147
37751
49539
49512
49542
49559
8146
26122
31493
50373
50650
31451
44168
19275
19174
48113
49251
43780
46701
46702
46728
46730
46760
16312
38450
38458
38459
38460
38728
38787
38788
48200
31692
6690
43749
10250
37658
37810
37874
40120
45643
37209
37460
31414
44558
28739
28743
5134
10412
10749
28739
10696
6656
24820
24890
24891
31693
42162
42163
17476
17466
17780
10940
4630
10333
31395
28737
16532
19243
10849
10860
3740
48110
47606
29480
48314
8850
46267
25638
25639
25689
5460
5640
20491
44110
37114
12135
12412
8790
50786
41120
41220
49151
5197
29492
31227
46894
17539
41860
47131
45518
48300
46166
28901
28902
28903
28904
28905
28906
28907
28909
20808
48930
48990
48991
48992
48993
21500
3392
5519
33201
33202
33203
33204
33205
33206
33207
33208
33209
33210
33211
33212
33213
33290
33299
33350
33390
33391
33392
33393
33394
33691
33697
5693
5619
41565
46149
25112
25114
5380
26221
41960
43748
17001
17002
17003
17004
17005
17006
17007
17461
8680
8695
22367
48289
31172
18540
18563
43516
46110
46388
50238
31754
42190
42192
42193
42290
42294
25241
2253
37170
17531
37420
32212
40240
36316
36378
36380
36388
36389
18870
18890
24325
48192
48194
24294
3811
48620
48630
42313
5163
50257
33418
33419
33440
33448
33449
33468
22225
22255
22260
22268
22269
26259
24160
24161
24164
24165
24166
24878
33119
33820
33825
33826
33827
33829
16339
16251
24340
40569
15489
18001
18002
18003
18004
18005
18006
18007
18008
18009
18010
18011
18012
18013
18014
18015
18182
18190
38594
38595
38600
38611
38612
38616
38617
38618
38639
33730
5357
8183
49740
49741
3348
6910
8401
8402
8403
49621
49622
25218
25160
25217
13360
43737
22430
22436
22437
22438
22461
22480
22481
22588
22830
11610
11679
28971
44114
9128
34192
9245
50513
50297
26587
18560
19001
19002
19003
19004
19005
19080
19150
19181
19182
19193
19194
44115
41390
14130
28794
13490
13499
10140
45160
28430
28440
28480
46610
46839
6186
18500
18515
18519
18860
18880
37219
8474
18614
18740
17257
46711
3140
8694
34879
34880
34882
34889
6410
6470
29108
49156
23210
34306
31175
31176
31291
10815
10692
10811
10816
10616
10665
10712
10459
37774
37700
37770
37778
37795
41210
41218
41219
17528
25341
31174
31291
5417
25210
27300
27305
27306
27307
27308
27309
27372
27380
27388
27389
27400
25285
9370
9443
27152
27181
27183
27184
27185
27186
27210
27211
27233
27234
8503
39778
39780
39786
39787
39788
39880
22280
22281
24209
5296
38680
38685
38686
38687
38688
38689
44433
4560
48820
48830
48840
31452
18212
18150
35188
35420
35460
35468
35469
35488
35640
45164
42120
42127
42129
23392
4549
4550
4558
4559
25716
46169
18160
18191
38500
38508
38509
38560
38590
38591
9611
1117
26200
26292
35520
35541
35542
35543
9436
9463
39730
39738
39739
6692
2400
2409
2420
2490
2498
2499
16312
19491
19197
12317
26584
13640
10230
10591
37510
37516
37617
37619
37762
39210
39211
39212
39213
38820
38829
38869
38890
49571
49572
20120
20128
5164
20494
10370
10868
5196
5268
5294
26213
41567
10512
50150
34400
34405
34406
42144
34259
6670
6679
5146
10560
45588
19342
39549
39550
39551
39594
47607
26257
10700
19242
10359
23611
6441
21220
5427
6445
6132
6350
12449
2690
2694
46162
19276
10192
21388
23486
21740
37230
44157
45645
42112
14270
6226
13590
31671
19248
10824
10829
19328
20280
3689
16730
40541
40353
45159
40490
9227
16421
9462
16118
19119
34209
9351
9450
9619
9660
28755
5210
13110
37712
16410
37638
37860
37862
28191
18140
19140
19143
45919
26323
26223
6228
14129
14209
14709
14740
14950
26133
34249
47238
9230
23292
23293
23337
23569
26372
43596
19445
9640
24286
17450
2696
9316
28240
28248
5123
5516
10850
5132
5634
5364
5634
22662
22312
22315
31620
45511
23560
23569
21000
21001
21002
21003
21004
21005
21006
21007
16465
37338
9614
16195
9430
9454
45750
16316
19441
22210
22211
23487
44212
44213
22000
22001
22002
22003
22004
22005
22006
22080
22090
22092
22094
22097
22194
22195
22196
22197
16500
16520
16521
16532
16540
16541
16550
19119
9124
9126
19220
19226
19229
28970
29531
29533
9191
5147
34419
4409
10849
18540
16152
18512
4230
4600
4662
4690
4691
4692
4693
4694
4964
26314
16311
9125
9150
19295
18830
18183
18185
18360
18198
41830
44530
34247
10280
31472
31473
20400
48311
50236
9128
9194
9198
3440
33810
33811
33812
22122
9259
23450
23490
38430
38434
38438
38439
20213
31790
26525
9345
9678
9227
48140
22193
8700
29440
24312
24313
24319
24374
24375
24376
24377
31241
31243
20267
22415
19119
33732
33733
33734
33411
33412
33414
45200
50250
45551
31867
31869
7300
35000
35240
35250
35259
16235
16236
16290
19283
4430
31849
15313
1191
1195
1230
1428
37217
19143
20301
20302
20303
20304
20305
20271
1193
1206
1207
31860
17539
31417
9133
9653
9654
21400
21410
21420
21430
21460
41140
41150
25650
25651
25653
25655
25656
25657
25658
48288
29611
50687
22462
22482
22483
34468
9107
20249
37551
40151
31745
31810
48215
25260
25261
25122
25216
31170
31172
31867
31868
31892
31421
24293
31689
18550
18567
29792
23338
14970
14978
14979
18312
48213
44122
44123
23629
23712
21290
21360
22349
22620
22621
22700
22710
22711
22712
22713
22714
22715
22830
22850
22889
3310
19240
19246
17143
46624
26134
49191
23658
50237
46623
10380
10663
9640
9640
10450
10400
10728
50258
44169
22731
44592
50141
31691
31409
31411
18127
23001
23002
23003
23004
23005
23006
23007
23008
23009
23194
23196
23639
11400
11401
11402
11403
11404
11405
11406
11407
11408
11570
11579
11590
11591
11592
11593
11594
11595
11596
6380
6389
18518
10612
18699
3100
23530
11320
11330
11339
11340
29392
19245
24324
8519
8719
44156
2248
2249
44792
8697
25717
40131
40445
29492
17462
3659
30520
30528
30529
18213
5694
25165
25430
9510
9514
9511
9640
9651
1427
31193
31194
31892
49340
49343
18452
37115
23500
12450
3730
3737
3738
3739
29462
48890
48891
48315
1308
1430
1439
46661
25155
25450
43479
12110
12119
12121
46250
46690
43896
43381
3580
3581
3829
46715
43860
8480
43895
43720
43773
17472
3786
46183
17130
25410
43440
8614
8511
8569
8148
8184
8901
8902
8903
8904
8905
8906
8907
8908
46850
28755
5430
37497
37554
37624
16620
37555
6170
34570
35470
35478
35479
35579
10291
5593
41980
41989
16740
50178
50100
24796
37591
24750
24764
24766
25747
37621
17100
43372
43717
19278
37488
49155
44643
37777
28751
18512
37714
41429
43100
43110
14100
14111
14191
14193
23200
23212
23214
5620
17165
17166
44651
16340
44640
6518
5192
25284
6469
44141
9315
10270
37515
24870
24877
24878
24879
45574
43781
43364
43736
25413
46717
44630
46630
37220
44596
16144
37200
37207
37208
37493
37690
22336
22337
22394
22438
22452
25332
43515
9612
10759
8530
6870
44643
2110
8792
21668
25177
10711
25185
46814
14207
38440
38441
38449
45760
23170
25588
25595
25596
25597
6174
6714
2162
5131
49192
16435
28191
5695
5696
9311
37716
44791
19238
45633
44142
23476
23479
12340
17700
17709
50692
6391
40196
8779
8120
12591
46815
40420
42181
41430
41439
11300
18130
43143
45534
37130
37139
37170
44557
12312
38370
38379
40175
37780
19274
19278
19225
4745
4746
8281
6176
43361
43379
47630
50160
50196
21291
45670
6486
8698
43763
3530
35469
35640
35649
35650
35660
19266
37427
37428
38300
38310
38311
38312
38313
38314
38315
43370
8756
21700
6176
16113
47328
37214
47196
17120
16532
34847
34848
34849
10649
16269
18181
18517
12599
8787
25471
46137
46139
8696
43140
43783
43761
25500
25513
25516
46185
46840
46670
12191
24600
24607
24608
24609
24650
24660
24670
24760
25134
44589
50170
50171
45840
9294
22435
41540
44510
44511
41470
41479
45300
45516
34470
44450
41130
45690
45691
23360
23369
42169
8619
14540
2249
37247
9613
43450
42368
43762
41300
41309
37607
24640
24648
24649
6190
8430
2630
2639
41590
41599
3669
37465
12186
47491
43154
43765
17489
43470
25617
9462
34128
28737
5192
12184
25700
25710
37762
13240
22160
22161
22162
22810
43560
18414
18416
37752
17134
17135
19243
5520
5540
12161
12184
25510
25511
25512
25513
25515
8789
45920
43774
43792
49781
30360
30362
30364
30369
47670
17707
3788
3789
17176
17177
17178
17179
12600
17813
17858
25327
25526
25527
25528
3791
25717
24840
24848
24849
37427
14140
38380
38389
9249
34485
9471
9491
12526
43375
43374
45850
50219
37214
46178
19361
50784
6830
37253
44707
18140
40146
1012
1212
1330
22360
10624
10625
45567
34347
34349
50134
1118
1211
1300
1308
1309
1321
44492
24248
24249
24329
26135
40236
47140
47169
24234
16316
16878
37724
26131
23746
31830
22125
22212
22214
22268
36500
36510
36511
36512
36514
36515
36516
36517
36518
36519
36583
36596
36598
39550
31283
22213
22216
22250
1308
16330
16339
48895
5213
42320
42328
42329
50367
47314
33900
33909
33920
33929
33930
33934
33935
33939
40556
18420
34468
1213
1423
18518
41630
31798
5490
44491
22126
31227
1306
26140
39770
39777
32357
32358
32370
32371
4868
48195
31251
31270
20159
31877
31878
31879
31891
37865
23591
42173
42174
5162
41729
41730
37659
50373
18110
18194
45663
45664
9133
9150
19491
13660
16142
16650
19244
41460
5230
5239
24273
35001
35002
35003
35004
35005
35006
35007
35008
35009
35010
35011
35012
35013
35014
35015
35016
35017
35018
35019
35220
35229
44566
22436
22808
22820
22821
22822
22830
16660
50610
50612
9131
33190
33191
33192
33414
28231
28232
28290
39416
39417
30565
4530
4532
16120
16216
37450
37452
37454
37609
45127
45183
45568
20160
22124
22586
22471
22472
22473
22474
22361
40352
40142
1400
48111
33970
33979
33980
33986
33987
33989
33991
33992
15117
15118
50679
45123
32620
32621
32622
32623
31588
20210
20491
31460
41740
50369
50160
18656
18657
18660
16237
19196
37100
37111
37116
37149
26321
34347
37730
16461
28911
28912
28913
28914
28915
28916
28917
28918
28919
31133
31281
20220
20230
20250
1170
1171
1510
20530
48940
32420
32425
32426
32427
32428
32429
31880
26213
48280
31870
48330
48620
33620
33627
33628
33629
33630
33637
33638
33639
33692
33693
33694
33695
18699
31395
31494
21400
21440
21449
31494
9340
9341
9347
9348
9349
31260
25540
12539
25611
25612
25400
43350
8794
12185
8520
8521
17512
17513
17532
8510
8508
8509
25214
43428
43429
17172
17173
17178
25714
25795
25798
31770
31789
2434
50136
1309
26132
48196
2100
20100
2160
2161
31177
24001
24002
24003
24004
24005
24006
24007
24008
24009
24010
24190
24192
30892
44132
42341
44164
39776
45870
39778
39820
23490
23700
23713
21207
44412
37760
25240
50582
50581
20490
31482
31483
31484
31485
31487
39718
39722
39727
2124
2142
2410
25571
25576
25577
25283
25288
17745
17240
24271
17243
17869
33192
33423
33424
33425
33426
33427
33428
33470
33480
33690
46814
33500
33507
33509
33592
33593
33594
33595
33596
33598
9246
47418
13220
17490
25186
46613
25594
25595
44624
25001
25002
25003
25004
25005
25006
25007
25008
25111
25113
25190
25191
25192
25193
25194
25195
25196
25197
25198
25199
6227
6900
17730
25726
25638
25639
8450
8186
8185
25281
46668
46910
46726
46195
43427
43712
43715
17310
17430
7518
7360
7430
12120
7600
7609
7620
7639
46838
8514
3729
46160
17527
22809
32846
32850
32857
32858
32859
32897
50687
32869
32870
32879
32892
32893
32894
32895
18449
6187
6498
31580
28890
26001
26002
26003
26004
26005
26006
26007
26008
26009
10120
48180
18300
18311
18312
18313
18314
34118
34127
34128
34477
34449
45212
47494
50460
50688
23780
22140
22141
22192
41564
41440
19141
30017
30800
30810
30811
30812
30813
30814
30815
30816
30817
30818
30834
30876
30878
30889
30890
30893
32131
3860
46393
30564
30710
9146
9551
9559
31210
9194
9351
9642
9119
11370
11379
9246
9249
24148
24149
14208
45682
41657
39400
39408
39460
13427
50513
4280
4288
4289
18615
16417
40490
38759
38760
38767
38768
38769
5690
21208
41750
28460
3187
45140
45130
45138
45139
44557
41720
41727
41728
50685
13191
38410
38412
38413
38414
38415
38416
38417
38418
38419
42191
42290
37768
28817
6230
38435
38460
38470
38479
39517
39518
16541
23160
42171
42180
45470
45480
46173
49541
49543
49540
10110
10460
22809
44212
44493
27750
27751
27760
15212
15214
15215
15216
15218
28742
28752
28753
28754
49570
49573
49574
4271
4114
4210
4211
14199
14511
14850
14900
14911
14913
50294
21820
50640
13108
24717
24723
24724
45684
12123
49215
39682
39687
39688
50619
50151
27001
27002
27003
27004
27140
27141
27146
27160
27161
27169
27180
27181
27182
27185
27188
27190
27191
27192
27210
27230
27231
27232
27233
27289
27290
27293
27294
27296
27297
27298
27299
18516
31440
37240
26126
50295
50610
50615
22810
22811
19142
23519
23528
14800
14880
14889
31243
24717
24721
19261
31660
31669
19285
4877
4887
50131
18327
18328
4859
18614
27360
27366
27367
27368
27369
27614
27615
27691
27692
27693
27699
31438
31439
31481
4470
48212
31130
15337
15339
4867
46368
32700
32703
32706
32707
32708
32720
32790
37893
29791
37310
28755
40554
17462
28000
28001
28002
28003
28004
28005
28006
28007
28008
28009
28010
28011
28012
28013
28014
28015
28016
28017
28018
28019
28020
28021
28022
28023
28024
28025
28026
28027
28028
28029
28030
28031
28032
28033
28034
28035
28036
28037
28038
28039
28040
28041
28042
28043
28044
28045
28046
28047
28048
28049
28050
28051
28052
28053
28054
28055
49157
45710
10480
5220
9320
10110
9330
9390
2230
37619
10210
50710
5291
42181
6468
50520
24396
24397
34220
6939
45590
9228
49522
49560
49561
2240
17851
25179
44791
50368
49783
41510
41926
41927
41929
28220
28221
28222
10529
19223
42225
19219
13194
13420
13428
13429
50315
6928
25266
50549
8380
8519
48269
50550
37313
5153
10190
10910
6440
10590
10591
10680
10697
15111
15112
15113
45692
45693
50340
49832
50511
5298
9317
9640
9642
9612
7500
7509
7680
7687
7688
7689
37315
5146
23100
23529
6478
50366
9133
7312
19294
49130
49742
49694
29691
29692
46940
5145
26315
8560
34429
8240
8241
8242
8243
26329
24210
24218
24217
19128
34429
46660
49593
49594
49317
49319
49163
13200
26258
28410
28470
28492
32375
32781
32782
32783
32784
32785
45460
44420
44422
44423
21890
47314
45515
50331
24996
31227
18200
19280
19281
19287
40132
40133
29601
29602
29603
29604
29660
29670
10662
18516
19180
41620
31340
34469
43371
8298
7519
16143
16147
39130
39618
39719
39792
41569
46163
45479
48270
48276
48278
5140
23770
50616
7141
45636
37510
5140
37891
8760
8107
23600
23614
23615
41658
37494
37496
44730
44750
40130
40466
40446
5151
5152
40142
48112
47133
43730
43775
4838
4839
50430
36900
36911
36912
36913
36914
36915
36920
43514
44564
17762
17763
45430
43878
43879
16878
2314
19490
32570
32572
32574
32575
32576
32577
32578
32579
43718
43382
8782
8783
46292
25184
46560
46130
46470
17452
25211
37251
10970
40214
40163
8230
24291
42113
24223
24648
24820
24830
24836
24839
42211
24207
47230
47238
19227
8301
8302
8303
8304
12415
49692
47114
37450
37453
49590
19294
26321
49718
47680
44621
45114
45126
19286
15256
15258
34170
30335
30858
30860
30868
30870
30875
30876
30877
30878
30879
39509
39592
19114
34306
9228
7700
7701
7702
7703
7712
7714
17720
17721
17412
48120
36638
36967
36968
36969
9346
28880
6411
50135
5194
6320
9500
9512
9513
9514
9515
47800
47816
47400
47492
47493
11170
11179
42230
42240
42248
42249
5619
39619
39710
39718
39724
39792
8773
19246
26374
47440
19315
27240
27241
27247
36192
36616
36637
45622
45662
28840
47687
47686
9100
9108
9121
49626
34467
46133
15800
15805
15809
15819
52001
52002
52003
52004
52005
52006
40444
32410
32411
40234
37766
13230
19247
10580
25139
45120
45121
45128
20850
48382
31587
31219
31282
48289
31150
34305
6413
5131
23620
50170
17539
9212
9515
9549
9594
9514
9569
9140
9141
9142
9197
9591
9557
9567
9568
9557
9573
9574
9559
39192
10329
5514
45541
50267
13592
13594
15685
15686
15689
31241
50152
44169
15608
15630
15635
15639
42230
42296
42328
10100
10109
50683
49624
34485
50330
19276
39310
39312
39318
39723
39725
39728
33600
33610
33611
33612
33614
33615
33616
33617
33618
33619
33640
33650
33682
33683
37254
45530
45830
13170
13190
40441
5461
29647
29648
29649
29650
29651
31320
9460
19127
10394
46199
3812
49699
19287
21660
21667
2620
16260
5161
5280
16393
10540
19268
28792
31219
25242
19246
46711
44141
31253
31523
37187
9200
9212
9218
9219
9293
26212
37660
6891
9252
43747
44159
5191
5146
46920
36950
36954
36955
36957
36958
36959
45270
19332
29738
18247
18248
18249
9620
15563
15564
37610
46640
21130
21800
35120
35129
35130
35138
35139
35140
35149
10664
45276
45576
19226
8180
47250
4638
4639
49120
49327
19300
19350
19351
19362
19363
30500
30506
30507
30508
30509
24398
24413
2440
2448
2449
37683
44556
42155
42156
8750
39420
39430
39438
39439
25230
17752
8100
8104
29532
17868
18611
5410
5491
42225
49121
49310
49318
18193
18196
19239
9613
9292
47688
46113
9691
12593
29110
36870
36874
36875
36876
36877
36878
36879
36890
27740
27742
27747
27748
27749
27752
27791
19110
50164
22587
6260
50144
49121
15315
15609
15617
15619
22111
22196
37618
27400
27410
27411
27412
27413
27414
27415
27416
27417
27418
27419
27420
27590
27591
27592
44493
3670
3679
8275
8691
37171
37765
42269
50291
44300
16649
31471
10194
44652
37532
5163
43364
43459
17253
43300
43815
43892
17855
17856
16434
16440
44700
44709
14548
2638
49149
12448
22473
22474
22486
22487
19229
46892
43400
43410
43414
43415
43459
43340
8110
8605
31522
16360
42220
44146
47186
47816
2650
45685
32750
32751
32769
32790
18270
10810
29360
37795
40468
28190
40542
42311
42315
42341
42342
42343
42344
18561
25724
25725
41770
14520
14530
47320
37727
6291
6907
6908
42127
50213
44368
32611
32618
32624
27215
27515
27560
27568
27569
40142
37798
9615
6427
37788
46692
45620
8589
25711
25712
25714
43812
25315
25616
8390
13326
6480
6489
6499
14550
18569
46842
23265
23266
23267
8612
8717
8160
25172
25217
9125
25340
8170
14600
46193
8469
46192
7230
14930
12447
50391
10170
22400
22414
22415
34410
34419
3640
3649
45400
44400
36660
36668
36669
9462
13350
40542
47691
49254
18370
10840
28950
47454
5299
49177
49150
47811
49693
49810
49697
49190
49191
49253
28411
37590
50260
50344
28530
2438
30387
30400
30410
30411
30413
30440
30441
30442
19144
34349
10811
33161
33162
33163
1322
12300
18540
19328
31264
49731
49148
48115
14510
37183
37430
37216
37219
37258
50215
37337
42216
42223
41530
50240
50247
36311
36415
36416
36417
36418
36419
44124
44410
16780
16630
47120
16200
2220
18418
18600
18613
18614
18620
18720
18730
35413
35420
35421
35422
35423
50143
40250
50440
37183
37186
37197
37796
5540
5145
5530
5309
5357
5358
40145
5192
5380
5560
40183
47194
19196
34839
50450
50540
49319
49341
49344
49164
49165
49167
31219
49212
15620
15626
15627
30170
30178
30193
30194
48360
2612
48100
48120
44780
26586
48381
8505
8529
50219
8278
27817
27836
27837
27865
31521
3010
15201
30000
30001
30002
30003
30004
30005
30006
30007
30008
30009
30010
30011
30012
30100
30107
30108
30110
30120
30139
30150
30151
30152
30153
30154
30155
30156
30157
30158
30160
30161
30162
30163
30164
30165
30166
30167
30168
30169
30179
30331
30570
30579
30580
30588
30589
30590
30592
30750
30826
30830
30831
30832
30833
30834
30835
30836
30837
30850
30883
50366
24130
24133
24134
24135
24136
24137
47219
42193
42148
31280
22808
50850
26143
31315
31383
31391
31313
3792
7440
7458
26587
3830
3839
26134
15240
15250
15259
15284
15290
15291
33130
33138
18490
18492
48394
31152
46136
48550
20214
20830
3110
48391
48392
15124
15125
15126
32880
32896
32898
32899
29001
29002
29003
29004
29005
29006
29007
29008
29009
29010
29011
29012
29013
29014
29015
29016
29017
29018
29140
29190
29191
29196
29197
29470
29590
29591
29620
29720
19219
31382
45930
43740
43770
6800
28635
28931
28932
28933
28934
28935
28936
28937
28938
48312
4540
42143
26121
26190
25341
45190
45191
16371
5141
5154
42189
37452
37609
5358
5370
5131
15540
15541
15570
15572
15573
15577
15578
15587
15596
25539
25598
25599
8269
8670
25286
33520
33528
33529
33581
33582
5216
37776
37659
40450
40461
9318
37850
5697
47500
37716
5571
28491
10613
5134
5514
40161
45150
45159
5429
12470
26533
22320
22393
5134
28729
28210
28212
28954
28600
45610
42149
37882
40331
40280
5120
37794
10300
45573
5697
5123
5240
5631
5632
13193
5100
10341
6730
6731
6760
37749
45630
5122
8270
50685
50686
40531
40561
40532
40532
1309
5635
37607
28739
5120
26370
5115
46823
9249
13194
2246
40470
40420
40408
23240
10930
28695
31450
31451
31454
37542
17744
5122
5697
10374
33710
33719
33790
33793
27650
27651
27652
27653
27654
27655
27656
27657
27658
27659
49697
31282
9348
15510
15577
15579
19245
15830
15838
15839
15863
37799
27113
9679
5619
42218
29780
29787
2530
2534
2535
2536
2537
2538
2539
21670
26110
18493
18494
21840
40447
26124
36340
36350
36360
36370
36379
36391
18657
50269
5191
23140
45350
24319
24458
45162
34128
6173
32160
32161
32162
32163
32164
32417
32448
32720
32791
44113
44493
44414
15200
15210
15211
15213
15218
39180
42224
45917
50369
50794
33180
22113
50510
3660
46819
42124
42132
50530
45519
31110
31119
31470
45644
10623
10626
10627
10628
10629
22193
22622
14852
14857
47464
28514
50173
12520
12529
43887
45230
50210
50213
4100
4110
4113
4114
4115
4116
4117
4118
4119
4147
4149
4151
4188
26200
26300
46119
18214
32300
32313
32314
32315
32317
32318
32357
32372
32373
32374
32375
32500
32510
32511
32513
32515
32516
32534
32574
27145
27162
27163
27164
27168
27190
36980
36988
36989
36991
27341
27342
27345
27346
27347
27348
32526
32530
32535
32536
32537
32538
32539
32710
32711
32792
32793
15821
15823
15824
15825
15887
36400
36410
36411
36412
36413
36414
36418
36475
27362
27363
27364
27369
27633
36760
36770
36778
27532
27540
27543
27544
27545
27546
27547
27548
27549
27594
27700
27770
27777
27778
27779
27860
27861
27868
9211
9246
9249
9530
9554
9559
9593
20560
20567
20568
20569
31151
14310
14320
14350
44792
45300
19432
31680
26213
31281
26144
26145
26147
26148
25283
25790
31799
31867
44233
24566
24567
24568
24569
17861
18151
4459
36309
36779
36794
20180
31751
26270
44312
44313
5193
29610
29620
30611
1409
8734
8799
20212
31799
31809
44478
44479
34407
15171
15172
15173
15176
15177
15178
15179
31281
8795
8640
25790
44548
25318
25748
25749
31390
25280
25286
25287
46181
46780
6120
6475
10660
10667
41804
47359
16760
8818
6100
6106
6107
6108
6109
26220
19443
19444
16852
28515
16216
16118
16853
9311
47410
47451
37291
37292
49146
49147
49540
9228
47173
34485
34486
34487
47318
46169
12312
40220
40233
8516
17800
17810
17812
4212
4860
8611
8699
22439
11690
50341
45280
31395
31396
42172
12200
12220
3760
48700
3430
22232
46870
2652
45340
24192
24231
24251
24347
33556
9350
3790
3791
3792
3795
31670
9192
31671
5296
50366
18858
23370
15680
15684
15685
15687
15689
17772
20240
19311
40176
6750
6740
20269
50331
20490
25794
45109
45450
4640
4810
4811
4813
4899
3189
3191
3192
3300
3310
3311
3312
3313
3314
3315
3316
3369
3689
44366
20810
8518
31160
20216
31451
45560
45569
45600
12594
15684
15688
15888
31439
48410
48419
8787
31650
44161
26124
40495
40421
15330
15332
15338
15339
15340
15349
15367
15368
48530
28570
3579
8573
50619
31395
32632
32634
25610
25611
25612
25614
16423
50258
24916
50175
17161
34468
34460
34469
2611
22531
22532
25318
41640
31250
45543
49336
49337
40422
46844
48210
18698
32001
32002
32003
32004
32005
32103
32172
32593
32900
32940
32960
32970
32971
32980
32981
32990
27865
27866
27867
27150
27151
27152
27153
27154
27155
27157
27373
27374
15230
15236
15237
15239
15286
15287
15288
33001
33002
33003
33004
33005
33006
33007
33008
33009
33010
33011
33012
33013
33060
33069
33119
33127
33140
33170
33171
33174
33191
33193
33194
33195
33196
33199
33535
33616
33660
33669
33696
33910
33919
1320
1322
15380
15386
15387
15388
15389
15390
15391
32613
32698
8796
15314
15319
32110
32111
32592
5520
9109
9108
32220
32226
32227
32228
32229
32236
9593
15900
15910
15914
15915
15917
15980
18640
4458
46200
40567
5292
37428
47428
49142
24208
24209
24223
24224
16390
16390
5215
9680
24764
24766
9107
49320
49321
49322
37111
49162
24480
24489
24495
24496
24497
24498
37406
8389
17124
17200
17210
17211
17212
17213
17230
17320
12311
27200
27203
27204
27205
27206
27207
27208
27209
27216
27217
17476
17256
17495
8184
47812
40194
9649
9226
34001
34002
34003
34004
34005
34006
34191
37799
14914
34257
8753
8780
7001
7002
7003
7004
7005
7006
7007
7008
7009
7010
7011
7012
7013
7014
7015
7071
7120
7198
7199
7600
7608
7610
46724
14700
14709
14730
14749
46714
22337
17843
44708
16160
41928
6476
45213
16192
10660
21130
21800
21810
21819
17256
18411
9220
9226
9589
31001
31002
31003
31004
31005
31006
31007
31008
31009
31010
31011
31012
31014
31015
31016
9280
44720
44730
50480
22650
22661
22662
45290
27419
27430
27437
27438
27439
27450
27470
27549
27592
27593
5358
16372
16373
28860
28861
28862
50342
50299
37129
37449
37419
32740
32746
32747
32748
32749
32790
32893
41610
27611
27612
37318
29451
3792
9462
17534
19336
16465
45908
34300
19269
19277
19128
19129
19492
8150
28980
28981
28982
28983
28984
17133
33509
33540
33546
33548
33549
33559
33585
33586
33587
45611
4810
9211
20110
10411
5150
43413
43425
37510
19100
50195
46182
46980
46988
46989
11178
21880
21888
2136
2137
2138
2459
4479
4779
28189
17494
12449
21560
34485
36817
36840
36841
36842
36843
36844
26261
43593
37727
1211
1212
1216
47300
47313
47314
47318
41470
47640
22592
5163
6610
19134
19462
33576
33577
33578
33579
37523
37300
9410
9490
37820
44586
14200
39580
2120
2127
2128
2138
2313
2314
49176
49177
49178
23460
23468
23485
4250
4259
27670
27671
27672
27673
47430
46164
49391
49392
40172
40173
37882
34170
3750
41566
17493
28723
14630
5470
18530
13620
5165
14412
50690
9314
9317
34113
34116
9131
9119
9133
47112
37871
37458
37766
37788
37792
37427
26321
10829
23110
23190
3780
5239
37181
45918
37209
37493
37787
37891
28696
40170
40180
49880
49191
18210
3815
39627
25240
25261
25333
25335
12598
45638
49318
44369
8589
43152
43155
9342
17491
17492
10335
10334
6919
44162
37216
37216
19313
34310
34429
28540
44161
44163
10896
22130
22131
22215
22513
22514
22569
31350
22311
19493
25790
24429
22460
50161
37175
49171
49172
49173
49174
49270
49271
49272
49280
49281
29710
49145
37791
40354
22132
39572
39574
10882
33735
33736
33777
39491
47315
50686
7520
3610
46501
32356
32357
32370
32371
28812
34430
47175
47316
47316
32135
32137
32138
28737
46210
46220
13196
13100
13196
49143
5500
5515
5440
5540
31219
10991
50616
8784
3190
3191
41840
46712
33530
33534
33535
33536
33537
33538
33539
33583
33584
50750
12429
16622
40296
40294
16541
9199
8397
9349
37712
25286
46838
19246
9612
9613
19312
49850
42112
28749
9354
26111
49514
34110
34111
10630
10638
10639
18191
18240
18250
18291
18328
50298
28320
25287
10615
19162
19192
19325
16118
43423
22268
44555
37490
31392
29560
29568
29569
37795
39120
39470
39477
39478
39479
39612
9246
22366
22367
3828
17535
10600
10671
10690
50296
10271
50297
50143
48620
30176
30196
44213
34347
34449
34219
24249
49127
49780
13195
43376
36005
36163
36992
36993
36995
27247
27270
27272
27273
27274
27275
27279
27280
27283
39556
39557
39312
39313
22216
34846
8213
46688
7460
7469
7470
47116
3520
18710
18750
18516
45161
34811
34813
34814
34815
50259
24003
24400
24401
24402
24403
24404
24411
24413
24414
24415
24416
24424
24448
24490
24491
33557
33558
17706
36820
36826
36827
36828
36829
36853
36857
36685
36860
36861
36862
36863
36864
36865
36866
36867
36868
36869
36891
36892
36893
36895
15110
15114
36640
36649
15600
15607
15608
15609
15614
32235
36001
36002
36003
36004
36005
36143
36150
36151
36152
36153
36154
36155
36156
36157
36158
36160
36161
36162
36164
36690
36910
43421
8738
25740
25746
25749
17773
23790
32641
32643
32644
32645
17834
17846
43739
7260
10883
16522
36193
36657
36658
17497
12318
10828
16141
47160
42136
45512
49583
15218
15970
15978
15979
15994
15995
15996
15998
15999
27170
27177
27178
27179
27187
27188
27212
27213
27214
48920
13118
13120
13129
13194
24914
24915
14730
14739
39570
46721
5560
19463
37406
2311
5492
16878
9246
9592
34111
47450
47220
42112
5292
23485
23486
2099
2510
19112
19161
19191
34347
2154
16708
49835
14400
2129
2141
2142
44368
16212
16414
37216
42221
44315
2327
28223
28224
50529
13179
47831
49148
10813
24792
24796
28813
22313
26510
43774
43364
50667
50668
26122
49638
24893
11660
9260
9268
19352
19353
19354
19391
5560
43595
43320
43891
8513
25721
33120
33127
33128
33129
25263
25316
8338
8330
9228
24445
24446
24447
24448
16800
14800
14811
14814
14815
14816
14817
24885
33112
33114
33116
25727
41670
9248
34486
40165
40318
19243
19273
28191
26589
50137
6630
16421
12428
37552
37553
19229
18820
13109
21550
21559
6490
6477
28190
24855
24857
6191
40184
37791
46140
49300
49390
49393
6310
6392
19225
37606
6906
6229
13342
16269
49333
49697
6184
50614
24380
24384
24385
24386
24387
24389
23350
23359
22584
37748
37750
14500
14512
22750
22751
22753
31100
39670
39679
9347
28195
28196
28754
37159
5621
37720
37729
38400
45577
10261
35600
35610
35611
35612
35613
35637
30890
30891
13650
21209
11510
11518
11519
37488
11300
11659
13500
13597
44411
31394
22416
8692
17520
17529
8797
25420
43812
7194
7195
25318
25153
8282
29450
45125
18197
18210
4640
4647
4648
4649
21100
21110
21459
38789
38714
38715
32452
32456
32457
32572
32578
47419
4870
50268
18515
18519
46530
22362
22363
18562
18568
49580
49582
35625
35626
35627
35628
19245
34407
24469
24470
24478
24479
24488
24494
18415
2692
17241
17242
46515
46930
46510
46837
3811
26570
9454
19209
17534
45790
43715
43816
46824
23480
23488
23489
42137
22191
28693
6450
24285
24397
24762
24792
9370
34250
42291
42292
42293
42294
24733
24767
9246
9140
9290
45400
45800
9670
16220
42313
9292
9244
47360
9349
34114
34128
47350
47283
49622
9347
9348
47673
49639
49638
9271
9140
32814
50770
27320
27328
27329
27390
27391
49622
49623
33115
33116
33117
33118
45514
18192
18517
49512
49519
26133
9660
9130
17754
17755
16649
3369
46138
46716
46666
32652
32653
32654
32655
8256
39800
39805
39809
39811
39815
47453
32810
32811
32815
40466
28740
28749
39860
43513
5298
46194
40100
40109
40420
10617
34492
40184
19245
45211
42313
42314
42315
9259
9259
9270
36320
36693
36800
36810
36811
36812
36813
36814
36815
36816
36817
36818
3370
28721
17214
24763
9693
6970
39200
9248
34208
3578
8299
42368
50637
40216
6715
43886
47170
34126
19145
42134
42189
39530
39538
39539
39590
39591
49394
46199
46340
46351
46352
46353
46354
46355
46356
46357
46390
46391
34469
34870
34874
34878
6442
45652
50367
19223
19225
37219
37495
42315
42316
42344
9347
13194
43201
43202
43203
43204
43205
43206
49135
34447
34407
9194
9647
34260
9620
24856
9108
42137
16390
24900
24918
40529
25594
15920
15928
15983
15984
15985
40500
40510
40511
40512
40517
19441
43790
46190
32400
32414
32415
32416
32417
32418
32812
33520
33590
27700
27710
27711
27712
27713
27714
27715
27796
27797
33345
33346
33347
33560
33566
33567
33568
33569
33588
36635
36636
36638
31550
26130
39140
39146
39150
39160
39793
39794
34429
27310
27317
27318
28815
15950
15959
15960
15965
15966
15967
15968
15969
15993
27243
27244
27245
1213
1220
25213
25217
25713
25714
25795
25796
25797
33170
33171
33172
33173
33696
6225
34309
17534
12210
40513
50270
50720
30610
24765
24794
24795
24126
24127
24131
24132
24133
24134
17404
45524
44710
44712
19340
29720
29730
29738
26550
25287
25290
5150
5164
9615
44133
5190
49591
49592
40515
19269
29180
4260
46417
10693
10829
39553
39554
39559
49318
49326
49330
33160
42194
24274
24275
27743
27744
27745
39720
39723
17500
8291
6657
25721
17421
17179
43771
43390
17457
43330
17469
28521
28522
28523
28524
28529
5309
2450
2459
2462
32610
32611
32612
9300
49192
47673
47131
37521
49320
49321
49357
49390
10867
28194
10493
19227
10261
10269
2331
2332
2340
28294
19243
45674
45675
45676
45677
45678
10371
37130
37492
28755
22252
26131
46111
43426
21720
43883
40290
8510
36511
36530
36537
36538
36539
26214
26222
43812
49211
15281
15282
15911
15912
15913
15980
3170
9246
42165
37447
10359
19276
19143
50491
31454
31415
29394
29400
29430
29471
24790
24791
4720
4740
4741
4743
43520
43529
21250
10391
17480
49322
49323
49324
49342
49349
12511
12512
12599
25124
11520
46816
47316
44125
9344
9345
16432
16452
28649
10189
9199
44121
44166
44415
18711
8719
32310
32311
32312
32320
32329
9592
8161
8191
47494
9593
47490
47492
47509
50295
19339
39510
39513
50331
39728
39812
39815
46842
13249
39527
17131
8569
23412
23430
14950
14960
27370
47319
49515
49518
49525
9199
9268
9269
44310
44589
46843
37318
4440
46725
7420
8201
8202
8203
8204
8205
8206
8207
8208
24810
24811
24812
24814
24960
50299
22392
22600
22609
22610
22612
22613
22620
22621
22622
22623
22636
22666
22714
22850
23410
12469
19432
16463
19120
19127
19128
13414
40237
15160
15168
15169
16430
19443
47689
37592
8619
3795
46250
46500
46520
46530
24320
24326
24328
24329
22467
22468
22469
26212
25693
37001
37002
37003
37004
37005
37006
37007
37008
18310
29714
33781
33782
33836
33846
33848
33850
33857
33858
33859
33860
33866
33867
33868
33869
33891
22314
22585
22314
9593
9600
9613
9615
49211
36460
36470
36471
36472
36473
36474
36475
44793
34100
34111
34115
34117
9620
37259
8697
8699
42156
31747
44122
46843
17853
22110
50294
3409
3638
3658
31175
34810
34828
34830
16317
9247
8650
22640
22660
22663
22664
16813
19126
37314
5520
2316
18610
18680
18690
19680
43885
10570
43840
17190
41909
16318
5380
47219
6174
36450
36455
36456
36457
36458
36459
50684
6175
10189
37779
1307
40442
40443
49513
27620
27623
27624
27625
27626
27627
27628
27631
27633
27635
27636
27638
44520
50134
31570
9198
24797
44480
28750
49135
32453
32455
32515
19237
24009
24010
24190
24191
24282
19143
38720
38729
46184
26340
35509
35550
5619
5516
21510
21520
45654
5267
35100
35106
35107
35108
35109
35119
35120
35128
35280
35290
35299
35369
13247
34429
49144
49743
47129
34828
34839
32005
32900
32901
32910
32911
16600
32130
32133
32134
32135
32136
32137
32139
32141
34491
40212
49690
49691
37439
38108
38201
38202
38203
38204
38205
38206
38207
38208
38240
38250
38260
38270
38291
38293
38294
38296
38297
38320
38329
38330
24359
24795
40465
40197
24143
24144
24145
42320
42330
42340
42342
42345
42351
42391
37671
22512
5289
24760
5229
49650
5412
42114
39409
37270
11100
28830
3177
5146
3349
30370
30379
30380
30592
30720
30729
30730
30739
11580
11589
41920
5632
5633
5210
5358
5111
38420
38428
38429
22367
5120
9490
5145
21610
21639
49357
49358
49359
24359
24395
24710
42140
47317
13779
28200
28750
16770
5696
9230
34830
16370
28330
5133
50584
45165
33777
45170
9317
10892
31495
28680
49129
47209
37659
5132
33940
33945
33946
33947
33948
33950
33957
33958
33959
33960
44390
40295
50840
38620
38628
38629
38639
39491
40332
5514
49717
3193
5150
37763
47164
22411
22412
22413
47132
37659
37694
49680
26326
9640
24237
26216
1207
1208
37340
37208
37640
41388
41389
41888
47219
45120
5164
2326
24252
49628
40389
49182
49183
47851
6893
37183
37186
37193
37453
37488
37609
5350
30740
30749
39683
39686
37170
42174
42175
16813
47129
37110
37111
37799
12330
12510
26133
47530
34347
45646
11310
11311
11312
11313
11314
11360
11368
11369
39726
39728
15560
15561
15562
15576
15580
15598
47134
38800
38801
38811
14150
28700
28701
28702
28703
28706
28707
28708
28709
21591
33774
26291
6500
5217
39540
39547
39548
39549
49592
26338
26339
47493
3690
9268
49523
49524
49525
32770
32779
32794
25753
24439
24545
5290
40297
5141
37794
37217
37466
37470
37479
32692
32693
37460
37467
37468
3769
40134
40144
22100
31400
31409
11311
11369
11540
11549
21595
41800
31220
8930
8589
8740
8392
17454
17154
17171
7800
7816
7820
7828
8459
8519
8220
8830
8589
43540
43548
8396
8470
8476
8770
8849
17751
8172
8173
8174
8175
8190
8195
8196
8197
8198
8798
25632
8460
8461
8635
8782
17451
8182
17220
17248
8980
17174
8274
17830
17850
8105
8272
17150
17151
17164
17199
8289
25270
25271
25211
17403
8512
8359
43877
43879
8619
17854
43713
7240
7720
3550
7810
7811
7812
7815
17860
17463
12130
8250
8970
17857
46669
17464
12320
7817
7818
7829
7830
7839
8694
17481
17482
8504
17164
8960
8791
17732
25193
25282
7530
7540
7560
7687
8212
8458
7710
7711
7713
8515
8592
17152
17153
17164
25267
25343
25344
8712
8731
8282
17462
12170
8263
8269
17831
17475
17467
17864
17865
8810
8812
8776
8572
8458
8459
8460
17470
8281
8395
8777
8508
8580
8192
8194
8228
8189
25215
25216
8770
8519
8253
8295
8394
8571
8620
6410
10189
45653
21239
21359
43570
35300
35307
35308
35309
35310
21570
9341
34191
8509
22752
22791
49707
26315
8690
17430
8921
8922
8923
8924
43420
43429
24150
24151
24848
49699
24720
24722
15837
15840
15841
15845
15846
15847
15848
15860
15861
17240
17245
17246
49620
24290
49626
39100
39108
39110
34405
34491
50324
38700
38712
38713
38714
38715
9471
22791
22792
10260
45370
13327
4568
50513
16336
16339
13730
44497
10660
10661
5268
38001
38002
38003
38004
38005
38006
38007
38008
38009
38010
38107
38108
38110
38111
38120
38129
38130
38139
38140
38150
38160
38170
38180
38294
38320
42173
42176
18129
45513
45909
5413
9268
23213
24762
24767
26131
26132
14491
14941
47811
49145
49161
7142
8507
8505
8187
7800
7814
7819
7840
7849
7850
44360
26585
50850
33776
33779
18292
18320
18329
18330
4420
8792
9219
9390
17771
35000
35110
35280
12597
7450
7458
7459
8710
8730
8273
8584
8589
8106
8517
8619
8787
8460
24393
6150
10198
37194
37900
40310
39620
39626
39627
39650
39694
22146
22313
35450
35457
35458
35540
42260
28296
28297
24795
49696
42141
5580
5581
16639
24124
24275
24276
24277
37468
49333
5530
5510
5511
9342
16621
7320
5193
9292
9353
24343
24344
24240
5429
16878
40122
40123
40135
40136
40440
40448
40449
40494
9219
45530
9292
21260
21620
43710
43718
17811
8130
3130
8398
38390
38398
38399
31314
14546
14547
14549
22460
22461
39001
39002
39003
39004
39005
39006
39007
39008
39009
39010
39011
39012
7560
7650
7659
7660
7669
7690
7691
7760
7850
24330
24339
24345
50373
47609
34112
10198
10510
23612
15688
15701
15702
15703
15704
15705
15706
15707
15820
15884
15890
15891
15892
15893
15896
15897
15898
15899
37311
10191
5592
38683
38684
38690
5630
24717
24731
24732
24740
23290
23291
23294
23296
23297
23298
23478
37740
34486
9350
34869
34870
34878
34879
34884
37670
37682
49624
49625
47330
47331
49610
49618
49619
49621
49622
9617
9618
10859
10666
39314
39330
39360
39390
39530
41970
15808
23250
39490
39491
39689
39691
39698
19245
40141
40171
40173
40460
37110
33115
26250
5292
40180
9610
45526
23311
5357
40590
39197
39740
39749
30140
30148
30149
30629
28818
49750
24194
24391
47155
34490
8251
26260
26261
48980
36960
36966
36969
36970
36979
36990
49152
47340
37172
9143
9144
9145
22200
22213
22215
22221
33518
24121
24196
39639
9620
43424
43425
43428
32631
32636
32696
17840
27392
27600
27610
27612
27613
27614
27615
27616
27617
27618
27619
27637
27690
44424
44460
31451
25555
25175
31589
45632
9109
9123
10390
37257
40351
17465
17467
43427
3630
29752
29753
19119
19262
40340
40380
22391
22439
46910
29715
29719
50334
46592
12400
12412
12414
40001
40002
40003
40004
40005
40006
40153
40154
40195
40196
20214
23293
23294
23295
23340
23379
6270
44793
10739
45621
22463
22464
19346
39696
3579
46295
7313
7314
7316
7369
19346
46839
22230
24145
24146
43449
7140
7143
7144
7511
3729
44561
25214
25514
25555
8181
46669
4213
22253
37638
40300
40310
40311
40312
40317
40389
40517
37650
25183
17852
46118
17133
47239
10530
10695
37531
37590
37530
5115
5116
28979
10528
4890
4897
4898
4899
42127
7638
7640
22110
45123
45223
45224
31293
48910
50248
50249
22467
17869
11692
19324
8553
8554
41001
41002
41003
41004
41005
41006
41007
41008
41009
41010
41011
41012
41013
41014
41015
41016
41017
41018
41019
41020
41092
28609
45671
45672
45673
25222
19269
33010
33186
33187
33188
33189
33199
33420
33429
33510
33518
33519
33580
33936
33937
33938
10181
50612
29328
29329
12164
12166
12182
12193
4878
46392
46600
47511
37892
5357
19250
19262
19263
19264
19265
19266
19267
19268
19269
19295
50682
50683
23380
46460
36540
36543
36544
36545
36546
36547
36548
36549
36570
36579
36587
36589
17410
17420
47130
46750
46320
7510
44382
5215
6650
50227
16700
8870
8871
17469
22120
22121
22122
39728
39805
39806
39807
39808
39813
27421
27422
27423
27424
27425
27440
27460
27466
27468
27469
50629
37246
15813
15814
15815
8589
33993
2435
2437
13630
26376
6196
6198
6209
5149
5621
5691
13593
19491
9348
16216
42223
42224
43412
46430
46439
5130
25280
39717
39738
39791
33840
33841
33842
19275
4877
28756
7550
7559
7560
7750
48150
12480
45100
45109
22583
48600
18410
48190
48191
48869
48870
8588
20590
4149
4248
4270
4271
4277
4278
4279
4289
9128
42001
42002
42003
42004
42005
42152
42190
25566
25569
25593
37777
23270
31219
25560
25567
25568
25569
18710
18713
18750
26191
50680
50689
50696
50697
25181
46168
46842
12489
5198
40311
5420
9440
9441
45635
42165
42166
34209
24763
24764
24768
33125
33126
33127
33458
28791
26132
24120
24124
24125
24126
34407
19445
16143
16144
16145
40170
37657
9004
9197
9135
9136
34492
26371
36690
36691
39340
39350
39360
8739
25173
46410
46419
46420
42189
12223
4878
48395
46295
31791
25174
9133
17166
17171
50670
50679
7100
7101
7108
7179
8260
50780
3518
25300
25350
25351
25352
25353
25354
25360
34257
34473
40291
37130
37460
37491
4200
4211
4661
4692
27550
27554
27555
27556
27557
27558
27559
27596
32690
32691
50547
38340
38350
38355
38356
38357
38358
31300
8593
4275
4279
42112
42366
8278
28160
50546
25630
6640
8717
25213
45600
45613
45614
45694
6140
10491
10193
10310
10318
10319
16320
16321
12221
42148
42317
19222
19224
19226
37600
37608
37609
22549
22550
22559
47815
9227
6658
33476
33740
33746
33747
33749
49639
8552
19227
33775
16400
19314
50500
50513
50514
37409
2100
2110
9130
42294
22240
37429
34209
11380
11390
11391
11392
11393
42216
43001
43002
43003
43004
43005
43006
43007
43008
43100
43130
25212
25480
19287
19332
19333
19334
50660
50669
8519
46016
46760
8511
38770
38779
29327
38280
38289
38292
38293
38297
35507
35508
35509
35530
35539
35540
35543
35544
35558
35561
8329
9616
16317
42128
42218
35360
35368
10420
10697
37607
35200
35210
35211
35212
35213
35214
35215
35218
35219
35220
35229
35259
22364
22365
22366
45780
19134
37590
15866
15883
15886
15894
12469
46470
46622
35000
35330
35333
35338
35339
4569
4659
17731
37190
37882
37893
9442
8221
8222
8223
8224
8225
8226
8227
8228
8801
46842
50293
44120
13341
26132
44001
44002
44003
44121
44162
44190
44192
44193
44195
44396
44397
19312
3724
3725
33110
33111
5165
8391
3109
31397
31398
47870
28550
50269
22192
19390
38780
38789
16522
35550
35560
33870
33873
33874
33875
33876
33877
33878
33879
9640
9649
31154
26210
26211
46178
28359
25791
43511
43320
43746
9133
2500
2513
2514
50325
26321
41330
41340
12312
12230
5289
5298
45001
45002
45003
45004
45005
45006
45007
45008
3813
40467
20267
20268
20400
20494
29109
22585
41940
13629
13700
36470
36730
36739
36740
36746
36747
36748
36749
36750
36790
36791
36792
8551
37799
15806
25750
25751
24237
24441
24516
24530
24550
24560
24569
47830
19325
19277
8490
47100
47113
47132
19323
37840
15683
15684
15689
9341
8570
24438
24450
24457
24458
24459
24460
24469
19190
19191
10520
10591
10694
10697
44123
22376
22377
22378
42124
26213
5697
3795
44134
25331
5196
10611
44230
49800
49820
49836
49881
34230
16842
22254
13160
50374
44359
45569
50311
12225
31219
31228
50368
11691
44653
10864
47183
13344
44709
6172
47313
47319
10186
24310
24317
24370
24374
24378
24379
24739
19197
44597
26134
22451
22483
22484
44358
40171
18563
30591
30592
30700
30708
30709
30710
30739
25131
40313
46143
25176
42193
42194
12596
23510
23519
40160
14410
12232
44640
47114
45651
47513
47129
10869
9390
40359
44221
44222
26100
26224
10252
19355
19431
23640
43830
23650
25110
25123
25126
25211
25212
9493
49252
25141
42269
40192
40394
10830
10839
16161
16162
16195
28850
28991
28990
19174
10694
44382
28180
25138
50316
9645
39300
39315
39316
39317
8775
46814
50512
8737
8629
47134
28250
3108
6880
6210
10413
10184
19245
28189
44381
19268
19432
19491
19345
19391
29620
26359
34305
43900
46185
46480
46840
46900
46901
22590
13740
10182
9342
9345
23320
10183
23540
44111
23391
22132
22255
50693
28813
25170
49122
31229
46595
9310
47313
37110
44641
3180
3181
3182
3183
3184
3185
3186
3188
45572
44421
50217
44393
45500
17474
17130
17140
17141
17257
17258
43737
29770
29793
29796
19337
42136
16413
16739
17853
43500
43510
43517
43527
43590
43897
19338
19184
18430
12431
9258
17536
50154
17320
29197
30850
30858
30859
45163
15822
15823
15824
15828
46269
32920
32930
32940
32941
27765
27766
27767
27768
24522
24523
37173
49516
49517
49518
49519
16150
12330
44132
44133
44112
22268
6909
32631
32694
32695
32696
50583
50268
47330
15686
15687
19312
11560
49358
49359
37148
37149
22583
22584
25583
25584
25620
25633
25634
25635
25636
25637
25640
25654
28760
28761
40194
16422
9213
9540
9549
39580
26215
18417
27630
27631
27632
27634
27639
16452
26312
21620
47282
19192
19450
19458
19492
34844
44141
24738
24740
24741
48880
6892
10200
10220
10290
10291
10292
42113
9143
9145
9453
39555
31500
47161
47169
47320
26512
36460
36700
36710
36711
36712
36713
36714
36715
36720
36729
35620
35627
35628
35629
35660
31522
24284
24285
45789
4639
4211
40181
40370
18491
46389
46177
35510
35571
35572
16710
49140
4275
4880
4887
4889
6133
34439
12179
25670
19198
5514
9310
9312
25595
16152
49327
48145
11600
31154
19187
42317
16452
39507
48490
45217
18480
18492
18494
31840
19276
31496
30612
4274
4279
17140
8231
17114
43550
43558
43559
43363
17133
31797
31799
41806
5693
50678
31422
31472
50689
31396
45480
31711
31712
31810
24248
24252
48460
48498
48160
48610
1440
1449
1450
20130
47671
31448
31454
31448
31449
31480
44593
50296
20700
50685
31752
31420
4879
26313
47862
40317
31416
17538
6290
50374
12118
12122
12131
20130
20170
19196
50180
31133
46300
46312
46313
46321
41471
41710
41719
41720
41727
41728
44760
44761
44769
31418
8233
42144
49420
5560
9491
24717
50372
39548
39549
39560
39569
39594
15871
15872
15873
15874
46001
46002
46003
46004
46005
46006
46007
46008
46009
46010
46011
46012
46013
46014
46015
46016
46017
46018
46019
46020
46021
46022
46023
46024
46025
46026
46035
46112
46131
46135
44191
44430
47359
34465
49192
28594
19141
10614
34127
44594
9453
47317
19196
19142
42165
28816
19174
19185
10329
10332
6689
37881
5143
19132
44122
49882
24156
24195
24227
24228
10180
10810
37680
24253
2150
42111
1423
1426
1427
1428
19412
37713
50371
10393
6185
37791
10332
37724
42113
28391
21291
19269
44413
37799
44620
24837
24843
24844
24845
26532
42317
42318
28729
13411
28295
16152
37891
24206
10131
28210
16340
28340
16316
42193
42196
42313
47816
19185
10672
39410
39418
16813
34239
28130
13300
13310
23150
23159
23196
19184
24846
24847
24849
28170
24218
24920
24930
42114
42175
39248
39417
39419
40423
24220
19490
39220
39229
39230
39232
39250
39419
24394
24395
24732
24793
44580
42293
37256
24880
24882
24883
24884
24886
24887
24888
24889
34115
34473
24127
49680
19225
47240
6474
28150
16122
40185
40185
45572
24230
24250
9318
28511
9320
15542
15543
15550
15551
15552
15553
15554
37798
37799
47672
39528
39592
39593
33700
33707
33708
33709
33780
33782
33783
33784
33785
33787
33788
33789
33791
33792
33874
10415
10500
10509
10514
10515
10516
10519
24200
24205
6444
6134
6330
41907
14670
13279
37764
22223
19411
36645
36646
36647
26288
19390
16214
44595
12193
12194
12414
25570
25571
25572
25576
25717
3787
3788
17253
46691
47001
47002
47003
47004
47005
47006
47007
47008
47009
47010
47011
47012
47013
47014
47015
47016
47017
47018
47140
47152
47153
47197
47198
47801
46145
9245
12230
8785
25268
25269
8699
43439
7170
7190
29240
22451
34209
31192
31486
31620
31621
22720
22732
22740
22790
6458
9191
9591
22451
22483
9510
9511
9512
9558
9572
6177
9285
9545
9569
9580
9585
9586
9587
9588
9589
9258
31172
6178
9131
9150
9159
9142
9145
9146
9551
40331
9210
9211
9212
9213
9549
48510
48520
9571
9572
9614
9127
39880
31176
31177
31179
31290
31292
9146
34307
18511
38852
38870
38879
38892
24324
38840
38849
38850
38852
38860
38869
38891
34260
37717
40213
40174
40176
9338
49450
35000
35340
35349
25617
25680
17862
43427
8470
8471
12315
8759
43144
8188
43491
43800
43813
9219
46818
50138
9268
45940
47200
50615
37214
37217
16879
40390
14206
35216
35217
19492
42181
40238
40314
31514
50219
38900
38910
38915
38916
28812
6378
47690
16100
10490
24198
24282
24391
6130
6927
19224
6890
37791
21600
10890
40140
24292
24323
16214
37115
37185
43890
43891
16709
8289
37450
37452
37453
15880
15881
15885
24430
24434
24435
24436
24437
24439
24346
24347
39575
39577
39682
39683
39685
47609
35320
35328
35329
5292
49330
49331
49332
37115
37170
24520
24521
24524
24526
47133
49133
16150
24836
24837
33770
33776
33778
33779
49542
40395
24152
24852
24860
24869
40423
24150
24153
24154
24155
24163
18101
18102
10484
10848
44134
11150
11158
11159
11179
45612
42392
47463
5292
4212
47114
22528
50760
50343
42189
42225
28891
34886
34888
34889
16510
47131
22549
49153
34200
34208
46310
46311
17137
17472
17473
17475
18131
26371
47239
37329
40165
26329
28729
4620
50580
25340
32813
17142
34219
32600
32615
32619
32635
32637
32697
32698
32699
43763
49840
49515
49517
49524
5309
29712
29713
29719
19184
22584
22585
31230
47150
42218
19295
32550
32554
32555
32556
32557
32558
32560
32562
32563
32789
10492
2315
4240
8500
8519
22190
49135
49164
49165
17515
17411
31413
25530
25537
25538
25539
50513
36201
36202
36203
36204
36205
36206
36207
36208
36209
36210
36211
36212
36213
36214
36215
36216
36310
36312
36313
36314
36315
36317
36318
36330
36331
36390
36392
26121
36580
36581
36582
36583
36585
36586
36587
36590
36596
36597
36598
36599
12540
43814
17485
25245
43206
43480
43481
43886
17760
17180
36140
36141
36142
8613
17137
17464
8840
8232
17468
17833
17406
12192
17740
38613
38614
38615
38629
7250
8720
36600
36610
36611
36613
36617
36618
36619
36629
25330
17493
27375
27800
27810
27811
27812
27813
27814
27815
27816
27818
27820
27821
27822
27823
27825
27830
27840
27841
27842
27843
43782
8455
25552
25553
17869
43141
46720
25551
17474
17469
17781
32315
32316
32340
32348
32349
46191
32101
32102
32120
32140
32141
17741
17743
12183
43311
43312
36614
36616
36620
36627
36628
36629
25264
25748
25749
25690
25735
25736
25738
43439
8519
25133
8788
8410
8800
43380
32702
32705
12162
32650
32651
32610
32614
32616
32617
32547
32557
32591
15615
15616
15637
15638
15807
8339
8340
43490
17483
23220
23499
23713
9249
38730
38738
38739
18630
2213
10814
28630
10960
14640
14940
47815
34475
21590
24100
24110
24111
24112
24113
24114
24138
24139
24140
24740
20150
24206
24207
47820
49770
49782
1307
49820
47329
45680
45860
47609
39639
39640
39649
23300
23310
23312
23315
40150
47607
34348
34349
42192
47181
34247
28360
16860
34340
34349
24392
24237
49250
9120
9124
9125
9128
9129
9133
50490
34475
49430
16647
9314
9197
9292
9640
9650
50391
49695
5357
37406
47606
31330
14071
14420
47529
50174
5571
6220
45730
24500
24510
24511
24512
24513
24516
24530
24547
44394
12150
9257
9258
47810
9344
47180
39630
39638
49136
49137
9268
47840
6950
16236
16238
24360
24367
24368
24369
24379
49618
6473
37893
9195
47608
14210
13331
13332
44494
12124
34469
34491
9343
34257
3570
34259
47111
49158
9443
34889
49126
47689
16140
47639
6208
37451
50333
26292
21860
16535
47113
28810
9195
9197
9453
49166
34347
34449
9227
50216
2636
16646
9390
26256
49134
34419
49860
49630
16270
49539
45520
34111
34112
34113
11611
47600
47675
24233
24234
2270
12224
24238
13343
41850
28598
28610
28609
24680
24687
24688
24689
24690
24699
11650
34170
24344
37185
13595
49131
50162
9339
31242
16415
9128
9258
34239
26006
26142
34260
24711
24712
24713
18659
34407
34408
34409
10263
10893
10894
9649
45594
45440
24172
24175
24765
24766
49719
24339
34126
45749
34309
47814
34190
9339
22467
34477
47620
45810
19460
29310
29311
9652
19246
49660
49699
45410
26123
49708
9611
46270
14440
47239
42312
16532
9450
50830
5164
50153
50370
28691
28692
29230
47608
13330
16230
16236
16238
23730
23749
6700
6710
6712
6718
6720
10182
10812
19209
19219
10470
10490
21592
24225
49333
18539
47850
21540
13320
33777
28609
13379
41660
47813
22231
29315
9219
12428
5114
5212
41808
23330
23339
5591
49100
37658
14250
6110
28229
34309
44223
14230
29312
30613
41330
41350
41359
29313
29315
18369
22870
49623
49697
49698
24711
24719
24222
2350
34491
24235
24236
21193
24193
24195
24197
9119
9226
37497
16433
37488
5516
16191
16840
49132
37320
16648
37488
37497
50156
50512
16195
16196
37147
37148
10720
6716
6717
37217
26325
42165
46170
49230
49231
49232
49240
42112
44114
16370
16813
28512
28514
10330
10331
13431
6192
42174
42176
42177
44311
16542
49159
14490
9513
9549
9550
9553
9554
9555
9556
9557
9558
49562
49563
47860
49250
23659
49871
26325
16432
16541
45179
28590
24288
24350
24358
5413
16771
19243
37184
37189
37798
37267
24287
24288
16442
46317
46318
9195
37160
37169
37174
44559
37115
37130
37170
34447
47172
37217
44380
34113
34116
34350
21850
50490
2600
2612
23393
26587
50310
44144
50368
13670
45360
45370
16420
49137
16280
6678
13210
26259
16843
24162
24163
24219
24226
9109
34132
42214
37256
10858
37468
42129
19294
45260
45292
19184
37114
37140
37148
37149
37150
37159
49181
24171
24344
45740
47134
34475
37522
44130
9199
45310
5560
23529
23630
23638
2215
9310
31132
31292
34129
24199
24226
34170
34192
31610
2154
47329
26329
47883
49870
2460
2462
37428
47465
40541
40542
26321
40219
9228
9339
41318
16111
9226
49697
49760
47676
33300
33310
33311
33312
33313
33314
33315
33316
33317
33318
33326
14300
14320
14470
28670
37260
28739
34249
9191
33717
33718
24356
24763
24172
24327
24328
9226
9128
40496
44131
19332
3400
3408
3409
3639
34305
34466
34257
34131
12311
37339
9640
9646
37338
26125
34111
34112
34449
47131
49129
17183
17184
17185
8735
17144
17466
47166
9259
37258
9690
43430
43448
43449
15121
15126
15127
15128
15129
15150
44591
25440
46114
12500
16812
43792
26329
26329
42150
42151
43391
44164
13738
13739
13768
13770
50482
50582
12135
5146
37210
37250
1001
1002
1003
1004
1005
1006
1007
1008
1009
1010
1012
1013
1015
1191
1192
1193
1194
1195
1196
1510
1520
27850
27861
27863
27864
27866
27867
27869
44740
44742
12460
12469
8673
2310
9613
42173
39761
39762
39764
39766
42109
4727
4738
18615
18616
18670
4829
4830
4839
29700
29718
29719
29740
29749
29750
29751
29760
29790
29792
4820
4826
4827
4828
4829
16371
18470
18179
47190
46668
46800
3727
46770
46790
27824
27826
27832
27833
27834
27835
12360
12370
43592
32630
32631
32632
32635
32636
32637
32640
46014
46950
27870
27876
27877
27878
27879
32670
32678
32679
32708
32720
32730
35370
35570
35580
42172
42177
40493
19080
19139
19141
19111
22610
22611
3657
30510
37219
45220
42230
42296
45313
33826
31410
2480
2482
2484
2485
2486
2487
2488
2489
45529
45591
45210
29410
19210
1322
19143
19143
16373
22639
46367
31174
9339
18128
6300
16771
16317
18311
11688
6129
22530
6430
21640
21647
21649
21668
48250
20247
1208
48850
48860
48869
37591
37110
1212
49001
49002
49003
49004
49005
49006
49007
49008
49009
49010
49011
49012
49013
49014
49015
49016
49017
49018
49019
49020
49021
49022
49023
49024
49025
49026
49027
49028
49029
49030
49031
49032
49193
48170
19444
19461
19495
5154
5631
50001
50002
50003
50004
50005
50006
50007
50008
50009
50010
50011
50012
50013
50014
50015
50016
50017
50018
50019
50020
50021
50022
50057
50059
50120
50139
50190
50191
50193
50194
50620
50692
50720
50820
90007
37170
48480
47610
20800
46621
26291
10170
10710
10169
10189
16470
10880
6611
28293
26586
9108
16146
19237
40152
40293
15150
15656
15850
15851
15855
15856
15857
15858
15859
9490
48144
48499
20215
20214
20740
20749
48508
1138
1196
31809
48278
31180
20159
10130
37408
19119
12311
26288
24249
24791
9245
31746
12125
50800
50810
50830
21210
31710
14870
1130
1139
1450
20750
20700
4650
4661
4662
31284
18811
26339
23314
23400
23413
23469
23509
41400
41409
41563
41567
42100
42107
42108
30880
30889
37891
4431
18260
18293
18294
18350
18380
18381
18830
29500
29510
29552
29593
42108
42110
50290
50590
9125
29753
18400
18410
18418
18710
47420
18612
5001
5002
5003
5004
5005
5160
5194
5195
5197
